10000
2 3 4 20 27 60 176 1057 7803
1 11 12 13 216 235 1864 4484
1 5 9 10 70 184 228 266 344 1219 3529 8482
1 6 7 35 52 57 988 1500 2061 4608
3 15 21 144 486 944 2238 8004
4 8 18 85 2776 4677 5829
4 14 36 47 102 204 438 1848 1935 4016
6 89 251 305 1996 5949
3 30 117 162 193 399 566 1237 2527 2576
3 19 53 1098 1276
2 16 17 41 67 186 1443 1677 2358 5513 5674 6427
2 139 608 2883 3065 4039 5141 8168
2 24 45 82 163 875 1504 5424
7 26 31 99 2661
5 29 352 1882 2619 5693 9886
11 23 28 153 260 2284
11 25 37 69 328 1135 2654
6 308 495 543 807 1929
10 32 49 677 1000 7592
1 22 33 74 356 524 1108 2421 9348
5 44 394 549 1119 3393 4421
20 1047 3038 3467 3593 6469
16 389 477 1658 2024 5828
13 79 237 241 345 439 1549 1624 5002
17 92 200 667 1301 9428
14 58 76 78 791 3068 3780
1 75 238 558 1402 4166 9595
16 1800 4876
15 38 505 1385 1699 5492
9 56 133 531 600 712 1351 2281 3320
14 42 62 221 267 355 4103 6142
19 143 232 354 1408 3509 5585 8937
20 34 48 72 350 605 1163 2578 6284 6292
33 59 166 8552
4 40 61 87 2494 2781
7
17 46 66 262 784 4262
29 39 54 128 323 1391 1627 1712 5611
38 43 50 182 1452 3048
35 55 105 107 155 780 1198 5405
11 71 95 222 455 539 628 2858 7751
31 164 201 366 764 2964 3157 5130
39 93 173 242 335
21 469 3705
13 64 223 2486 3362 5806 7764
37 269 697 940 3798
7 141 145 1336 1713 2089 3855 7838 8538 9997
33 51 86 591 743 1066 6361
19 179 360 1413 2060 2833
39 81 127 172 261 2423 9594
48 123 1079
4 196 466
10 77 636 773 1305 1312 1395 3159 4821 6516 7320
38 63 84 349 536 947 952 2457 3240 7996
40 333 577 1265 1271
30 97 140 393 984 3131
4 96 226 450
26 108 129 1599 8464
34 110 136 167 456 3519
1 73 80 83 1400 1412 2301 2587 2942
35 90 534 1581 4454 5235
31 65 68 119 148 205 808 1681 1901 2655 9472
54 122 207 1195
45 103 170 2899 6324
62 187 218 580 727 941 8208
37 101 104 178 386 955 2043
11 100 115 996
62 253 279 788 1446 2625 4847 6786
17 288 1421 2866 8084
3 635 641 1288 7405
41 132 545 1089 7305
33 863 1955
60 227 485 706 3346 5445
20 154 796 837 3152 3294 6235 8963
27 202 291 1127 1590 2414 4667 6321 9032
26 208 341 381 2971 3379 3504
53 245 374 1647 1867 3483 3643 3876
26 516 1303
24 116 1142 3992 7488
60 88 94 131 252 708 730 770 2097 2354 2594
50 175 1136 2087 6388
13 368 938 1152 8233 9067
60 91 160
54 98 113 114 674 4315
6 135 270 294 400 705 819 2749 7520
48 118 390 480 538 703 7180 7699 7711
35 1210
80 871 1078 3523 4526
8 541 7736 8151
61 106 316 1187 3679 4582 6932 7869
83 465
25 990 2266 2454
43 124 310 7789
80 159 177 525 737 857 4725 7102
41 112 150 312 391 2404 3668 8249
57 1809 6080
56 213 604 2721 5011 7274 8626
84 512 576 1095 1953 4398
14 125 447 2199 3428
67 109 111 215 1007 3633 4908 5412
66 321 409 693
7 290
64 147 414 3206 3754
66 265 365 372 550 7743
40 230 2184 3405 3568 6801
90 120 197 256 855 1015 1077 2941
40 250 334 369 839 9320 9608
58 181 195 412 619 894 1600 1732 1930
100 192 467
59 151 240 1138 3948 7987 9570
100 474 622 753 756 5996 8127 8424
95 149 299 1186 1257 2510 2855
84 872 886 1087 1466 2152 4003 5878 8064
84 137 174 375 501
67 130 421 556 733 735 2604
79 183 424 2533 3185 3564 6150
9 134 212 246 351 392 497 1297 5723
86 126 453 1379 2683 8170
62 121 555 676 868 8741
106 1506 2062 4618 7843
119 1715 7545
63 156 168 431 1169 3209 4568 5845 8028
51 398 718 2644
93 547 587 4048 4648 6613
99 190 217 719 966 1205 1622 2459 2979 3462 4843 6319
118 813 1936 2037 2680 3218 8705
50 142 152 219 834 968 2163 2764 6740 8575
38 138 146 1299 1561 2311 4310
58 214 309 340 832 3902 5714 6155 7693
115 165 313
80 464 4337 6557
71
30 521 840 1027 3618 4422
117 229 588 765 993 1667 1768
85 590 1021 1033 5254 5902 7969
59 189 408 715 6593 7896
114 1104 1409 7458
128 158 169 747 3079
12 437 1122 1474 2321
56 209 449 673 1386 1771 2130
47 180 185 342 417 3711 5470 5595 5966 5967 7014
127 1672 2522 3266
32 287 572 1026
5 171 379 980 1182 7377 7563
47 537 1588 3776 5910 7901
128 1460 2415 9644
103 198 1069 2602 3621
62 191 211 362 782 891 5975
112 161 194 686 1147 2111 3503
95 258 387 1053 1727 2399 3886 8176
110 441 925 1302 1669 2662 5258
127 410
16 623 1743 8192
74 1398 5897
40 203 317 322 1990 2534 3688 7285
122 157 293 343 510 1211 3630 3931
156 348 752 908 1592 5414 5733 5866
138 3885 9783
94 275 302 435 530
83 210 3228
149 286 425 544 876 2277 3112 7961
9 639 977 8565 9223
13 283 535 1018 2630 7203
42 224 651 5353
130 626 842
34 303 1751 4935
59 734 750 989 3175
122 499 4984 9412
138 243
64 292 716 1035 1166 1372 1523 2462 2497 3008 3439 6329 7032
144 1190 2029 2896 6924
50 511 569 643 873 1192 1289 1738 2588
43 522 593 647 656 8466
114 320 338 2984 4322 5531
81 325 3923
1 502 995 3215 4274 4654
94 739 3712 3978 6360
66 188 8641
49 225 1537 2686 5204
141 830 960 1253
108 324 662 1462 1467 1558 9649
39 460 570 687 810
116 199 771 783 920 1700 1973
3 709 1668
141
11 220 642 1348
65 436 964 1111 4008
178 498 563 1149 2989 3947 8312
136 278 631 2018 6232 9132
125 9837
148 206 276 406 2960 4162
109 236 274 5045 6802
9 4090 7380
149 4651
108 1491 2483 3378
52 416 664 918 2101 3832 7603
106 284 364
147 775 827 2951 3224
183 376 3605 3809 4818 8860 9955
25
42 296 329 411 446 452 503 571 856 1055 5825 7657 7850
75 367 427 2508 6322
155 2250
7 749 1682 7219
62 280 285 1956 5799 6042 7084
191 1306 2919 7114
63 459 912 5423 6305
76 247 792 1791 2139 3709 7650
140 271 655 2801 6953
160 864 1028 2128 7092
148 330 432 1530 2540 3778 4018 7542
117 1411 5366
97 272 963 3551
129 353 1218 2626 4350 4535 4570
100 383 930 1401 5842 7674
2 233 475 721 1244 1324 1518 3043 5038 5199 9534
125 388 470 1038 1451 3840
65 339 454 1907 3166
127 778 1776
186 248 254 433 713 4726
31 326 2355 2881
41 298 434 614 2120 2731 6615
45 395 956 2614 3534
164 347 429 500 579 931 2455 2997
179 3071
57 723 2694 4270 5482
73 268 6776
3 551 767
134 234 413 1941 7215
105 231 481 540 907 2707 2851 8559 9948
230 264 281 1086 1184 1283 1287 1309 4538
32 599 2054 3293 4122 5541
216 257 564 2901 6586
229 259 385 934 1960 2550 9293
2 239 249 779 1002 2958 4887 5234
192 638
24 244
27 255 297 1251 2040 5914 7191 8853 9149
235 277 357 426 489 824
110 2274 3968 6512 8144
24 699 1919 2968 3404 4128
43 492 732 787 1705 6672
169 2543 6263 8775
237 6980
77 403 418 4905
117 289 419 3046
208 2558 2844 3561 6370
220 314 999 1094 4581 6612 6698
235 300 3665
107 1121 2427
8 867 1258 2446
80 263 423 710 805 5796 9422
68 493 1143 1318 1923 4954
220 2052 9191
238 652
106 851 1390 3216 5898 6283
233 295 7531
150
234 1247
16 2955 6035
50 336 7299 7359 8896
37 306 1832 2827 6231
252 3000 4239 6565
231 2843
104 319
3 2114 2339 3060 3757 4499 7994
31 554 1517 1932 1943
227 665 1025 1291 4221 9449 9941
46 273 1840 4707
85 282 3298 8059
209 407 615 621 1128 3641 4952 9880
213 644 1900 2316 5110
269 363 451 758 3811 9857
192 315 904 2628
159 358
191 346 559 2581
239 663 2334
189 754 8199
68 422 991 3846
205 337 553 885 1920 6048
231 1056
270 491 1947
163 1779 2444
197 327 509 731 2127
205 517 603 1230 7075 9158
161 811 1327 6213
143 8282
69 373 740 986 1629 5468
246 1225 2026
102 4907
75 696
170 654 777 3067 3590
156 378 420 670
85 301 490 4444 8345
257 311 575 1074 1124 9315
201 685 8533
238 307 548 6316 9695
222 847 7942
112 1904 5266
249 304 585 1397 1604 2329 3958
294 843 1753 2180 4229 7392 7677
159 660 880 969 1653 2526 7360 7937
166 650 874 3622 3715 8076
300 657 1789 4263
8 484 702
262 823
297 804 948 2049 4556
18 1687
129 9541
93 476 3015 4244 6831
295 397 561 829 1046 1228 5853
95 1075 2834 3173 5073
130 1080 4759
248 653 2880 7865
274 371
90 526 1088 1338
155 318
317 471 802 4235 4625
265 332 924 2167
174 331 1552 3086 3823 5116
101 508 818 1477 1891
155 1223 1835 6607
38 520
181 2621 4706 6484
175 546 3227
221
284 4012
17 573 4835
201 514 552 850 4197 4744
211 488 4964
320 3552 4056 4424 4689 4728 5879 8916
319 401 869
55 1235 1459 3007
107 695 7906
43 592 1542
261 1019 1814
280 377 916 1059 1246 2516 6833
174 359 720 1433 2131 2187 3625
218 1300 2606 4028
129 380 1185
76 627 690 2926 7824
141 2439 9575
156 402 3603
3 504 967 2627 7484
24 513 1790 4117 8346
276 1587
224 370 527 1275 2328 3315 8039
157 382 3075 8521
54 658 2458 7870
33 462 606 649 822 845
117 361 404 5593
15 2730 5534
214 862
32 1081 1141 1471 3708 4812 7227
31 463 1208 1250 6277
20 7173
239 405 1641 5318
275 1266 1577 2736
338 574 1423 3972 4754
49 1314
351 2385 3205
148 768 972 1044 6558
273 714 8889
197 975 2912
104 384 445 496 1472 3942 5225 7278
42 2929
202 442 3357 4825
82 5117 9341
107 5762
347 4188 6554
315 3461 5222 9605
104 936 1756 5008 6289
288 2836
77 461 3035
114 8485
199 602
337 1267 2038 3440
293 468 473
144 478 717 774 1209
340 671 1905 3176 3427 5701
76 396 482 701 2889 3128 3325
348 444 1573 4775 9332
215 507 879 2323 3456 4009 5155
365 634 726 795 2145 3597 7695
234 1295 2073 6402
66 680 1975 2192
150 5397 7296
217 428 1625
23 976 3759
86 519 744 1084 1616 5119 6566
95 3327
117 983 1273 3472 9026
56 861 2257 4392 4403 5125 5810
21 440 4111 7430
223 921
381 645 4919 6179
311 755 1384 2416
123
9 620 954 1994 3530 3824
85 582 2392 4147
332 3893
343 1003 6712
245 584 9580
351 609 1172
357
191 458 1512 8809
271 483 1197 4089 9811
136 1694 1805 2374
101 1614 2720 7047
152 2224 3559
201 479 1220 2079
108 430 557 1480 5253 7491
229 415 724 801 3192 6988
103
413 6632
196 1112 4902
141 1670 1951 3753 6684
245 902 1274 1396 9579
246 6188
293 1177 1378 9776
115 797 1356 4177 8528
279
252 895 970 2256
116 1968 2190 3148 6437
161 648 3024 5213
239 3305
202 3749 4158 5516
388 6050 7500 7553
224 562 959 5854
412 2244 2852 3074 3083 7595
122 3172
211 6680 7761
220 707 1052 4394
222 1571 3324
159 607 618 786 838 1116
187 905 1083 1642 5014
139 457 2019 3657 3927
7
24 443 515 597 728 1551
394 448 878 1123 1157 2648 2902 5787
151 800 8347 9735
367 1227 1418
439 523 1568 1950 5066 7476
382 533 611 760 1165 2443 2750 4338
365 528 821 2797 8266
201 1773 5288 6434 9436
99 1041 5029
440 722 3973
140 610 4212
57 617 852 1404 2738 3072 5154
273 1014 1355 2253 8051
201 529 826 4460
118 9974
218 472 506 4025 4948
41 494 567 835 1578 3011
59 1564 3323 4079 4250
437 958 1233 1690 2352
406 1493 2105 3769 5550
207
182 1167 7498 7652
374 929 4686 6998 9540
350 589 1091 1092 9260
355 1420 1519 1709
131 1432 1610 3090 3573
91 953 1782 3055 3234 4636 4921 5502 7692
52 3863
109 640 889 1457 3331 5813
378 763 903 1807 3267 5022
44 9898
217 646 668 6112 9305
318 1911 6639
454 518 1285
378
111 748 1346 1827 5435
216 5108 9471
310 943 2991 3132 3956
23 666 3124 6253
379 487 1822 2698 7862
411 1013 7482
86 1245 1598 2215
230 1043 3222 9043
381 1341
407
305 1613 6591 7175
73 4947
5 2487 5852 9697
478 1820 2315 2891
330 689 951 2678
239 704
294 7459
282 1032 4174
242 1410 8402
253 982 1062
455 711 927 5951
18 612 1020 1644 1783 3437 5113 7016
365 7988
117 3933 4000 5725
188
168 1120 1678 3399 6138
224 595 3464
114 915 2861 5306 6929
176 1134 3295 9767
201 633 2589 2639 3982 6848
344 1339 1849 1896 3852
29 1908 2098 2712 5937
454 846 1234 1499 1749 1833 2007 4591
383 601 1202 2326
321 1060 1310 1536 3920
284 659 892 2048
156 669 1447 2505 9774
172 568 901 3574 7528
98 836 4324
345 2216 4433
329 992
439 935 1777
78 2291
285 1178 3599
472 532 613 661 798 803 2837
390 1389
323 833 1320 5289 6538
133 1264 1689 2254 5122
173 1810
443 1428 1746
20 565 2681
94 772 1649 3429 3949 5286
316 899 1051 1596 1719 8553
347 542 683 1070 2946
445 4224
452 1674
159 1988 1999 2758 3370 5317
30 632 1114 4703
518 560 578 1010 1203 7672
444 3106
61 928 1268 1364
163 2171 2372 4963 7461
54 1105 1869 9819
145 7765
86 586
41 1278 1623
230 789 2134 9840
89 681 2165 3073
527 1605
18 3999
161 1326 4890 5415
71 1986 4203 7395
325 1238 2106 5489
124 1535
297 2435 5547
21 581 594 694 1224 3987
104 596 625
228 583 1148 1316 3059 5565 9300
329 858 1347 1360 2076 7329
280 682 883 8094 9212
267 2389
119 974 3726 4408 7912
115 1212 1856
412 4439
27 1529 2744
276 1201 2829 3275 4483 6859
532 831 8733
311 896 8776
429 629 757 1217 4017 6658
188 1651 1755
233
524 1196 2873 7030
9 1377 1532
455 841 3239 8760
511 781 1151 1489 1637 2231 3412
172 1595 2451 2733 7519
182 1603 1785 2053 3033
201 1063 4236
143 1693 1772 5278
328 946 1525 1643 2466 5985 7431 7845 8213
359 692 1179 3449 5378
295 1374 1775 2715 3985 8844
98 1576
55 598
532 806 877 3111 4831
224 7886
65 4500 4901
549 2584 2996 9953
400 736 745 1419 1633 1978 2498 6323
551 1009 1042 4179 7917 9136
403
300 2342
538 812 4793
124 2181 3946
134 624 1795 8563
462 725 1161 1323 2575 4512
135 9265
48 866 1875 2517
335 2010 8870
173 1269 9416
549 3663 4135
500
550 675 1252 5434
439 898 3782
577 630 7351
232 3407 7450 8981 9673
30 890 6641 8639
507 3581
376 1140 5369
285
97 1673 2236 2471
33 3137 4886
350 799 1528 5579 6603
435 637 672 1586 2151 2210
12 5744
404 678 698
449 906 3909
444 1011 1631 1739 2788 2793 2944 3230 5418 9798
495 616 1502 3374 7429
518 3784
222 814 4041 5573
271 1194 3862 3865 4105
612 897 1236 1507 2785 6922
450 1371
435 942 1441 2512 2620 9385
108 1946 3506
399 6081
271
111 913 1181
153 3856 4668
588 1594
550 738 1349 2637
165
341 815 1816 4643
41 1129 1262 1582 4994 5943
562 1645 1792 2292 4553 6948
598 1067 1770 2708
189 1255 1546 1902
531 759 816 1249 2411 5757 7819
503 4202 6535 7530
384 1354 2490 7522
70 4110 9334
53 1284 1685 6564
607 2567 6020
236 1168 1270
162 854
467 1967 4044 5989
70 4390
186 1417 5763 8110
172 3751
272 9040
396 1231
470 1887 3140 3929 5755
173 971 8766
425 1916 2095 6549
350 688 881 911 1050 1574 2014
303 4068
164 939 957 1450 2461
255 3341 9124
314 4583
292 679 933 1839 4441
209 888 1115 1804
173 4578 8014
304 1830 1866 8307
349 1049 1382
509 762 2542
302 1638 2954
518 817 1358 3062
181 882 1381 5923
277 2258
196 3586
268 684 2564 3251
477 1963 2753 3425 3600
25 1543 1759 2153 2474 3473
470 887 7245
510 1634 2177 2509 8457
293 691 1085 1501 5721 7415
380 1311 1407 1829 1895 2368 2729 4782 5381
607 785 4455 4776
140 1473 2779 3242
84 2204 2718 3655 5351 6346
596 5679 8398
119
19 3646
609 1319 1843 2263 2265 2693
654 741 1005 1453 1675 2638 5076
386 2756
541 1175 1550 7964
553 6611 6755
527 859 1762 1949 4317
665 1425 2378 3647 4222 6539
296 1214 8379
149 1064 1845
182 1294 4552 4633
649 1695
488
341 3975
670 2523 3381 3722 8745
574 1373 2640 3843 9097
101 700 1330 2346 6199
549 1553
334 3042 4291 5189 5938 7466 8022
291 3615 7903
46 2562 2819 3891 4100 7967
609 853
241 1337 9202
693 2426 5099 8697 9831
381 1760 3385
305 1012 3255 6294 6526 8272
86 9942
489 3051 3497 4781 6780 7009
85 2113
73 926 961 4925
433 1191 2998
80 729 746 1654 1724 2943 6992
184 1545
252 776 979 1859 4217 6583
494 1422 2161 2507
30 922 949 1001 3765 5013 6122
220 1860 2122 3101 3314
363 1752 8949
136 761
170 5508
379 1369 2191 4078
123 2532 4026
125 6226
338 3023 3095 4356 5781
216 849 870 1034 1335 8452
448 844 1591 7581
226 5447
413 1048 1615
589 1611 2609 4670 8807
384
65 848 1797 1939 3049 5226 6839 8141
439 1559 2650 3212 3316 4580
708 742
80 1544 6518 7295 8854
284 937 1912 2559 2598
242 6845
115 4168
167 1100 1133 4891
115
582 1221
94 1801
625 1199 1686 5921
177 8600
288 865 1029 1429
679 825 2309 8664
729 3064 4794
48 1524 2380 2974 7439
390 2947
582
708 751 3938 6154
138 2525
474 2783 2813 2931
204
167 769 1039 1763 2304 2465 8246
746 4200 4334 7715
157 2724 3390
111 766 2364 8437
278 1093
397 1878
111 794 2159
562 1117 3609
273 1531 1793 2766 3988
632 5644 7533
444 793 900 4092
715 2063
659 2932 3286
468 6067 9418
42 1329 3403
134 1239 1340 1796 2307
753 790 1469 4153 9360 9975
228 5497
362 1434 2002 2036 2066 7234
750 2269
80 2158 3096 4493
183 2999 3875 7770
525 1017 2488 5564
53 1812 4220 6301
379 1345 1368 7931 9321
198 1522 9238
710 1533 1984 2752 6768
292 1125 6380
219 2949 4061
235 965 4035 5147
40 1024 6414
568 962 1563
148 3334
183 1944 4749 4862 9503
37 2539
672 820 1424
435 1022 1144 1513 1612 4820 8149
242 1183 9676
68 2716
540 8274
766 5003 5182
26 2020 3311
208 2030 8329
760 8736
756 893 4598
384 3944 5443 8596
74 3122 4684
421
518 1045 1696 5269 5900
606 1290 5462
441 809 1981 3442
413 1006 1031 2027
318
518 910 1692 4013
307 1103 1539 2303 3168 4145
252 1016 2670 4154 4478 6597
578 828 1071 1547 2039 2356
18
62 2913 4434
800 2388
182 978 1240 2011
286 1806 4641
586 932 2518
126 1579 2491 3540
614
627 919
632 2688
661 2419 2668 7602
321 998 2338
85 1107 1189 2335 3728
785 1082 1632 7737
445 1406 4786 5210 7303
350 1854 2624 3814
306
239 1164 4340
741 1058
452 9303
198 1787 2251 6299 9963
806 1153 1277 3821
311
180 1548 1754
560 2862 4609 4969
129 1555 1903
520 4656
127 4130 9477
455 2400 5596
512 3447 4938
74 884 1099 2666 6638
435 1102 1232 1635
107 4924
133 1004 1130 2641
567 1308
165 2832 2840 3306 4673
301 1248 2074 2160 3032
722 7510
350 973 3109 5030
506 2930
298 987 1554 2273 3493 5180 6954
727 1619 1870 2956 7680 8817
721 4134
329 5964
256 3761 4941 5295 7424
450 860 2890 7837
698 1585 3081 3707 8511
639 1468 4436 5600
106 2197 3401 5524 9583
201 1226
94 2245
552 923 4853
683 909 1541 3179 5663 8671 9168
852 1617 3608 5493
393
353 1065
72 945 2259 4496
210 997 1036 2808 3203 3652
740 2290
591 4204
251 2702 3364
119 1160 1702 2456 2795 8040 9771
332 1883
721 1808 4407 7687
88 985 9505
113 914 2988
172 1155 1156 1350 2186 5094
303 1137
13 2119
161 7872
578 2351 4259 5933
440 2677
383
302 3190 3587
649 1145 8515
662 1556 8388
553
837 2081 5889
280 1388 5515
113 950
668
655 2282 3906 6819
467 5261
600
148
509 5280 9178
794 1037 1742
108 1725 1881 3029 3210 8983
423
561 1146 2082
616 1463 1826 6885
597 2387 9455
526
760 1073 1886
511 1376 2221 2499
418 2005 2569
468 2133 2409 3478 4614 8933
274 1162
436 1292
610 2064 8640
230 1680 4148
157 1403 4185 4798 5694
859 6459 7822
803 4756 4783 6500
649 5728
207 917 1076 1154
622 2164 3078
872 5614
501 1222 1279 2138 2480 3685
337
912 3184 7034
196
815 1229 1861 5504 6656
183 1853 2179 4813
395 1254 1454
712 1170 2015 2934 8915
858 9000
319 4704
151 1375 2006 2719 6894 9367
706 1666 1954 3431
494 1798 1876 4034 7689 8712
534 1589 2610 3813 4709 5791
461 1132 8606
215 3226
224 3147 5612 6056
812 1150 1438 1701 5174
654
234 1464 1873
515 2656 5676
372 1729
731 1321 2360 4438
82 1562 4539 7609
651 1259 1661 2084 8330
46 2041 5978
65 1040 1926 2839 8874
618
476 981 1744 2377 2472 3395 3936
5 2770 3296 7821
863 1322 4854
573 3770 4440 7139
54 1113 1353
307 1648 3180 5606 7373 9429
712 1097 8628
886
488
54 1922
465
399 4622
66 2739 6239
223 994 1068 7024
651 5517
457 1110 1315 1387 7646
429 1207 1721
180 1286 8169
706 1362 3161
781 1342 1456 2217 3905 6892
213 1723 3409
187 1602 1952
779 1213
125 1899 9574
344 1650 4495 8908
127 1393 1416 2170 2579 2631
302 1260 1834 6947
423 1521 2535
647 1332 1962 4309
362 1216 1427 1863
845 4564 5599 6224
555 1969 1982
364 1263 3281 4095 8216
389 1159 2327 2363 5494
162 3005 5228
810 2751 6219 6582
710 1601 9313
144 2189 9687
943
493 1824
392 8052
56 1072 1101 2318 7638
871 1023 2696
288 1106 2222 4072 6367
847 9415
4 1865 5015
167 1618 2514 8079
92 1030
279 1061 1707 5739
514
134 1636 3767 3924 6028
956 2317 6230
176 3337
67 3629 6103 9838
864 1008 1365 3376 4920
818 1158 4750 6094 7521
248 4791 6532
19 1293 3520 5559
712 2025 4702
235 1256 4774 8727
402 1054 1174
840 5698
679 2440 3746 4575 5163 9440
801 1465 1794 3069 4308 7423 9249
100 1090 1331 1366 2595 2660 6453 7698
997 3716 4473 7389
583 7292 8382
532
611 7096 8016
702 1272 2166 5736
479 4652
451 2155 3002 8530
106 1280 1328
805 1206 6873
772 1470 7502
163 2333
336
495 2467 9361
135
786 1880 3786 6470 7062
985 2051 6254 9633
780 1361 4660 6908 8815
268 2147 7485 9536
143 6849
133 1608 4293 5260
210 3485
740 2816 3627
990 1204
801 2633 3232 8721
491
135 1597 3612
721 2239
170 1118 1282 1363 4874 8967
864 1171 2213 8434
893
217 4477 8526 9887
750 1857
941 1313 4975
447
583 1671 2325
481 1510
362 1139
798 1200 1449 1819 1862 3135
311 1325 1714 2585 2742 4884
22 2386
724 1357
658 2970
649 1131 1570 1842 2431 5804 7022
526 1741 4181 4501 4899
433 2986 4577
150 2406 4637 6027
1003 2118 4889 9560
201 6420 6799 8323
281 1215 4601
1 2068 2088
825 3253 7515
337 2927 3105
508 1180
991 1940 3436 4165
493
571 1304 4993 6728
686 2255
862 3163
48 5809 6732 7794 8391 9686
630 1959 2031 3626 4528 8879
956 2663 5880
147 1683 4619
527 1799
806 6118
984 3143
900 1380 1445 7959
295 1565 6580
312 2075
912 1831 2530 3080
106 1399 3130 8343
88 1333 3386 7815
51 2172 3309 3511
313 1296 1488 1626 4586
354 1703 1976
820 2293 4104
436 2094
390
670 8505 9353
231 1584 5037 8258
113 4936 7162
316 9606
71 1906 7613
1007 1096 1126 1484 7928
462 1176 5027
462 1897 5237
754 5476 7874
248
98
1090 3070
949 5651
10
837 5974 6137 6273
734 3394 7570
984 3347 4210 6973
838 1109
804 5201
137 1243 6066 6825
536
986 5987 7067
819 1734 8374
20 1885 7001
1102 1437 1526 4530 6115
958 3950 5407
187 1778 3432
416
947 3092 3884 4023 8952
531 1193 2879 9842
655 5743
435 1188 2313
757 2513 3912
1035
21 2223 3054
499 2268 3512
250 3671
139 2143 8264
440 3463
295 1858 3373
777 3001 6006 6209 6863 8740 9452
1090
75 1717
271 1534 3444 4076
628 3249
840 3003 3391 5126 9027 9434
1050 2548 3940
929 3925
734 3588
502
17
81 3165 8924
874
110 4030 4380 6683 8287 8820
1044
602 1492 1764 2091
354 2332 3291
79 1476 2044
253
786
881 9717
896 2725 2910
149 1173 1710 4589 5649
551 1640 2359 4951
188 2706 5865 8252
932 1731 2308 5023
568 1515 2570
82 1486 2685 4642 5620
828 5077
912
873 1716 2078 3563 4792
873 2347 2476 6033
440 3299
998 2227 3307
976 1431 2787
868 1415 4183 6086 6624
589 3703
904 6217 6773 9060 9392
33 3047 3283 3598
824 9905
444
170 1241 1442 2502
460
638 4082
122
922 3583
1036 1298 2592 5020
404 7921
1147 2596 5244
1003 2017
681 1580 1987 2737
1091 2704 7841
420 1242 3333 5839
517 1444 2104
574 4655
1060 7804
622 1688 5501
144 1496
787 1877 2922 6482
231 1958 3490 9518
340 1344 1748
112 2232 4140
90 1317 2343
1116 1392 3250 3344 5928 8448
819 1652 6236
171
707 1970 2500
172 1657 2035 2549
1114 5607 6982
615
63 1343
565 3326 5370
407 1726 2853 4809
40 1774 2233 2302 3145
738
1045 1557 1972 5959 6594
559 1844 3343 4404 4878
507 4724 6426 7071
532 1370
1030 3602 6935
125 1426 3517 3689
1016 6298
959 1965 2013
355 1482 1708 5389 7621
379 9358
87 2141 3245 5911
156 3087 4047 5349
556 5756 7192 7784
965
685 3066
1056 2936 5068
972 6008
562 3290 3850
214 2021 5467 9863 9904
3 5627
411 1718 2092
736 2175
915 2811
322 6466
549
289 1503 2246 5729
856 2845 8783
442 3284 3871 5012
311
919 2909
285 4930 6985 7469 8241
645 3724 4115
838 2831 4253
457
506 1818 2157 2485 7313
333 1483 1494 1841
616 8103
9 1261
546 2586 2777 4097
765 1993 5164 5962
810 1767 3292
1166 6108 7867
1177 2169 6458 6808
1104 1964 2384 2904 3297
216 1405 1704 2786
480 1281 1458
337 5284
259
843 2396 2888 5623 5976 7997
632 1937 3217 8191
355
238
596 2652 3911
180 1609 6433
921 9592
631 1894 3233 6279
1002 1655
112 5401 6338
251 4923
939 3731 5927
969 1352 1367 1925
1237 8953 8971
628 2524
975
521 1334 1639 2768 6608 8342
55 2815 9245
358 2679 5465
377 5971
534 2939 3017 4396
593 1481 3195 5885 6163 7197
638
55 3815 6037 6174 9970
1012 1733 2058 5300 5355
392 3387 8792 9216
418
347
10 2546 3672
828 1628
539 4201 4515 8859
915 2212 2755 6240 7536
1015
1245 7270
1035 3914 4850
231 2495 8932
636 2407
472 2023 2695
960 1497 2613 5454
231 1815
70 1495 3149 3238 3828 4634
172 1307 1852 3806 4475
799 4488 4767 8629
268 4281 5241 5732
905 3115 4161 5033
1000 2314 3730 6314
687 3768 4685
385 2992 6061
1080 1435 2789 4332 6584 9214
117 1475 1698 1997
1171
128 1817 3430 3734 7478 9442
339 4277 6308
25 1572
151 1765
78 1660 2892
1063 2296 2373 2761
53 4178 7058 8503
206 1540
1289 1508 1758 2563 4331 6401 6417 9615
841 3213
231
508 2117
671 5195
53 2632
1040 1490 1985 4257 4497
360 2202 5713
958 1394 1711 1788 2353 7511
551 1884 3260 4784 9109 9911
1187
253 9226
678 3155 3167 7710 8706
520 1567 4101 6791
937
945 1838 2636 7269
589 1786 1992 2917 3194 6419
216 3777 4351 6761
1046 3129
544 5815 6478
286 2478 6918
1015 1514 2093
764 1383 1487 9582
693 4083 5624 9008
1007 1621 2107 7073
971 1505 1720 2276
1078 1359 3791
1264 2796
721 3254 4383 8743
47 1961 2345 2390 3866
699 2717 4021 5895 7792 8401 8499
316 1917 3638 7707
504 2016
765 1575 2870 4019 7149
482 2004 2207 4057 4999 5704
962 4321 7653
1195 1630 6436
1185 2121 2264
774 2209 4972
474 2812 4196
552 4052 4518 8408 9193
186 2687 4970 7682
625 2198 2798
873 1802 2148
30 2977 3410 3845
1260 2228 4226 5557 5727 8123
947
634 1527 1740 2344 2572
451 3052
421 3300
1048
661 1737 2397 8003
1333
552 6902 9529
1024 1520 2475 3748 7416
961 7457
1035 4156 9586
534 1430 5001 5363 7080
997 5458 5657
1007 4391 5735
1260 7683
774 2249 4374
717 1439 1538 2173
1203 3510
617 1436 4376 4505 9196
170 2214 7254
692 1414 1440 3697
575 1781 2261 6737
925 4131
901 1918 3413
566 1511 1977 4800 6835 9820
420 3285
118 1498 2420 2436
1073 1910 2878 7989
662 2340 2464
658 2547 9113
1329 8588
397 2123 4795 8254
29 5495 7552 8194
140
958 2417
885 2047
519 7418 9584
256 1560 1837
38 3452 7378
1188 2622 3480 8327 9920
968 7279
1315 1448
53 5205
418
300
154 1620 1736 1811 2403 3922 9936
1077 1479 3191 3494 3820 4109 7659
60 1874 3539
215 1455
27 5093
908
450
1244 3037
821 1871 2561
671
32
137 2286 2835 3721 4020 7272
492 1995 2009 2237 2429 2553 3377 6228
212 6567
60 5256
49 2410
1373 1945 2367 2646 6943
1160 2635
968
642 3851 6749
442 1606 2914 5689 7547
582 3500
463 3639
69 8150
711 2393
359
785 1516 4377
684 1735 4663
1205 1948
972 1909
523 3560 6699
740 2070 6800
1364
1159
464 4742 6001 7857
338 3102 6893 7460 7851
768 2452
1296 3718
1371 5724
1109 2247 3650 5455 6421
932 4194 8026
1369
1373 1757
618 4006
1166 2129 4167 6197
11 1478 2168 8754
1178 3411 6682
1073 4771
68 8799
510 1485 2032
1394 2283 3099 8969
1045
651 4772 5314
217 7990
39
679 2554 9120
921
1401 4138
962 1825 2735 3904
467 4945
1245 1461 2220
333 2235 3317
146 1888
1458 1722 9846
181 2871 7202
897
934
1006 1509 9682
113
181 3819 4695 5770
854 2767 3056 8826
766 7425
1017
354 3396 7573
365 3198
673 2760 3858 4624
139 2208 3611 6826
1297
1142 6025
321 3028
1443 2995 3421 3535 9261
1399 2763 6078
412 3536
1269 1569 4032 4708 5523 5783 8268
1208 1646 2306
1235 1583
1090 2085 2330 2468 3498
1447 4558
1152 1761 4536 4990
1329 2144 3790
1080 5870 6834
568 2669 2765
1313
195 2271 4150
1140 1851 5321
458 1823 2003 2848 3994 5618 9370
1235 2090 2381 5681
1288 2469 2673 8202
1182 3057
1286 8405
1379 3389 8918
506 5668 7311
4 2762 3919 7601
670 3231 8248
612 1933 2056
1225 5331 6960 8322 9611
13 1893 2665
1332 4721
120 1663 2154 2401
616 1607 5901
1307 3645 4626 5507
1465 4378
1043
1377 5005 6252
406 1684 9034
786 3804 5062
1328 2642 5054 5191
1151 2242 2362 5304
1424 3220 4033
267 1989 2653 6907 7834
216 1914 7233
463 3422 5368 5780 7442
1361
970 5789
775 2699 4870
170 4045 8001
743 2434 5631
573 2623 7589
1109 2324 5705 8005
1354 3584 7093 9306
606 4474
558
211 4665
758 1566 3022 3117 3120 7411
566 3094
776 3186 3874
1128
547 2226
508 3710
179 5955
1369 2219 2361
804 2126 3151 4602 4693 5575
1306 1868 1889 2791 3508 4325 8873
859 6552
335 2080 4275
667
730 2071 4062
709 9987
631 6746
806 2034 3781
830 1780 2611 3695
24 2337
681 3187 3460 4432
439 2773
320 1679 6874
694 2275 2300 2349
847 2674 4983 6769
832 3273 4683
882 2528 2565 2577 5112
1200 9727
181 2557 4741
728
1390
128 7628
938 1766 5650 6359
781 5114
456 8396 8960
1074 4133 8294
1531 1971 5140 6887
1320 1662 1938 2000 8126
443 2887 9552
1481 1665 2447 3243 8989
1050
434 4561 5643
1301 3555 9525
382 2370
649 8197
1340 3162 5408
576 2391
358 1750 2556 3585
455 1676
813 4192 4861 6381
1175 1593 7228
61 2072 2551 7523
628 1659 1892 2449 4832 6756
1483 2876
1086 8207
853 7877
607 1664 6489
346 2100 4031 5868
145 1656
928 4674
75 1769 3107
722 1691 3531
157 2757 8027
1580 2846
624 3562 6711
569 2299 5480 7258
526 2854 8367
1033 2697
480 5007
58 2442 4267 5219 8728
108 2156
979 2298 2599 3571 6100
964 4532
570 1730 1821
300 5176
542
1418 2747 3686
1507 1836 3451 7361
1027 1850 2096
1253 5090 5267
464 1828 3554
725
786 2710 7560
484 2504
409
724 2893 4218 5665
390 3058 5287
860 1728 3169
989
848 2195 4956
1398 2823 5386 7414 9139
1331 3030 6206
125 2022 2185 8270 8642
539
24
388 4069
1080 1927 2188 3701 3879 6979
38 2115 2657 4547 7259
1277 4042
288 3860
1343 1706 4507
611 3526 4559 9165
820 2174
582 2149 6884 7487
669 5549
838 2057
993 6906
568 2864 5329
660 1745 2520 2828
1264 4237 4311
1148 2203
357 3803
436 2059 2857 4694
573 4787 7154
495 2046
629 7916 9292
1482 3126
77 2382
948
525 4232
967 3257 8235
563 2033 4280 6017 9734
1189 2804
302 3477 4385 5004 5903 9344
708 4833 6771
1256 7829
1588
1192 5484 6604 7943 9876
23 3361 3619 7648
1582 2618
1303 1974
939
1567 4895 6958 8662
1506 2605 4327 9740
1586 9200
1569
926 1697 2322 6034
134 3271 4860 5535 6997
184 2240 5436
151 5217
417 2521
1042 2069 2818
142 3349 5148
604 1855 2496 6528
529
679 8996
1578 5359
11
499 4029
1552 3606
907 2645 3966
62
204 6495
1069 2285 3287
1512 4632
636 2241
738 1747
308 2193 2519
1181 5745
521 2728 7888
457 2262 4036
1591
803 2366 3171 7110
572
408 4848 5973
688 2920 3270 5747 6556
798 2799 7614
1666 4533 7290
1297 5709
29 2176 3764 5049 7640
183 1803 1898 3807
932
868 7455
1081 6619
1244 3696 5653 9448
242
1630 7568
991 8435 8461
1208 2229 2952 3289
463 1931 2838 6004 8954
1147 1784 1983 2425 8897
1315 3018 3031 3114
38 4504
47 4595 6938 9495
1046 6846 8187
121 2566 5613
1155 2288 5419 9744
1127 5945
1220 4980
526 7471 9750
1332 3921 4129
959 1879
1461
963
708 3414 7188 8083
894 2794 4046 6266
1197
150 3637 4381 6509
1617
936 2470 8305 9689
1603
1150 6647
108
1272 1979 3763 9014
1107 4386 6882 7882
1425 7017 8030
1398 2012 3918
1358 2260 3989
172 2617 5031
611 1934 3009 6193
1354
1051 1942 7858
893 2287 4098
153 2206 2822 3963 9233
943 1813 4214 6522
1638 5200
523 4055 6245 9650
1686 6077
1185 2593
506 1890
1577 2146
166
714 8232
301 7230
830 4152 6547
563
372 6269 9363
1440 2150 5319
1307 2511
667 7218
701 3787 6395
1486
683 2028 2243 3415
750 2395
1140
1302 7929
1562 2700 3853 6602
1240 1921 4347
134 5168 5677
1590
630
140 1847 3471 6925
572 3676 4837
446 1913 4607
1198 7766
575
219 7122
515 2116 7909
1111 3416
283 2267 6291 8484
1548 2967
1374
465 5639
495
1710
570 7808 9888
1323 5273 7550
827
1315 5601
304
345 7820 8691
208 2200
629 4123 4953
758 5406
1006 6970
588 2234 3934 4007 6877 9441
765 3670 8655
727 2125
927 2726 3113
1070 7625
28 4486 6815 7763
737 5715
1350
1700 3541
655
408 2703 3677 4510 9091 9639
811 2110 2252 7421 8558
468 4623 9784
870 2983
96 3628 3835 4913 8377
522
1398 1957 2295 2394
773 2230 3698
1744
336 4184 5096
1287 9258
627 3019
1299
1234 2994 9288
1045 2045 4002
487 2413 3514 4066 7518
1603 2769 4132
478
1493 9007
982
1456 3177 6492 7871 9005
897 5678 7679
474
1610 3321 8455
671 2830 3103 6867
657
1076
262 2001 2583 4555
506 5672 5742 6743 8013
969 2601 8951
322 8607
1607 2649 6167
1390 1846
1322 8909
654 3200 6211
269 2083 2574
1235 3592
1050 2424
678 3496 5873
1201
686 2008 3785
1837 6317 6685
1771
7 4254 6241 6625
504 4231
1608 5400 5869 7504
1492 3025
1289 2055 2538 6519
920 2225 3400
822 9711
1673 4176
556
1039 3964 4745 7120 9634
1124 3833 4456
710
713 4001 4906
919 5224 6446
1045
972 2492 3384 3930
2
988 5908
657
77
1540
536
848
1406 1872 4272 7492
1871 6481
934
1400 4757 7974 9983
591
927 2369 2690 4562
1183
755
1721 2067 2077
1022 2817
894 5488
15 2915 5860 6158 6651 8724
869 2732 3941 6378
1316 8009 9480
1108 1928 4365 5824
900
646 5102
1460 2600 5571
1540 2682 8178 8392 9723
1749
321
1582 2634
1504 3093 3525
1255 4114 6104
671 2568
504 1966 2418 4858 9993
1092 1915 7276
1700 2969 3762 3970 4560
966
272 3211 7954
62 5432 8578
631 3977
832 3656 8543
299 3542 4481 9093
380
1089 7128 9045
218 3915
505 1980 9628
1427
1380 2651
471 2746
731 4206 6070
1773 2350 2959 4329 6783 7226
1518 2086 4701 5511
1897 1924 2671 3910 4909
648 3248 4027 5630 6816
1338 6018
1376 7962 9070
241 2196 2923 3354
280
1767 2573
952 4346
253 2065
1915 3888
1260
941 3797 4610 5373 5641
1626 4355
1885
18
108 6336
1709 2162 2453 3484 3857 3937 4074
267 3673 3812
1502 2473
1739 2591
7 5518
126 5768 6348
1249 2140 6164
1567 2740
727 2178
1061 2692 3961 5202 9520
229 8262
1741 1991 5430
267
783
1414 7802 8773
619
282 2102 2348 5310
1426
683
443 3582 8813
417
964 2445 9350
98 2050 2103
926 2826
72 2194 9927
205 5070 6662 7456
1811 2603 4038
1184
1067
234
1336 2450 5064
971 4215
666
1243 7593
1207 7105 8229
1896 5165
640 6405 7810
424
974 3322 3330
1191 2867 5100
1566
1200 1998 2042 3729 5553 7217
183 2849 5173
1660
386
1081 6415
1377 2722
582 2320
1733 7434
1908 6151 9174
800 2112 3360 5297
974 3348
1710 2099 9357
776 4522 8863
1313 4915
545 3446 5772 7157
1175 4225 6490 9708
530 3569
1517 3692 6089
155 2310 4879 9530
1942
1323 2571
1239 3223
399
1410 3308 4373 5619
8 2775 6787 7795 9459
1297 2918 5136 5779
1972 4514 6488 9127
530 5968
1567 2759 3990
1832
768 3118 6331
1493 3576
1341
902 7684
925 3219 3868
506
1845 2297 3208 3402 8399
1410 2479
592 4883 9663
810 3839 7477
1736 7252 8956
1207
649 3201 7123
922 2383
1339 2183
1174 2312
189 2137 2885 8882
437 9775
791 3356
1218 2278 2629 6267 8545
1622 2279 2412 2481
1285 2402 2489 2612 9585
23 9228
1001
289 5348
801
1762 2422 7956 9546
171
792
1067 2552 6024
1447 3604 5420 7463
1651
1547 2211
1192 4830 7212
768 3983 7291 8868
126 6116
377 5134 5626 6751 9844
806 2806 3557 6588
238 8510
940 2405 8841
1972 4014 4216 8403
66 3319 4070
1142 4401 4824 5859
1819 2741 6692 9016
1644
1388
509 4480
307 2357 3312
1953
1023 3747 5695 8763
254
570
232 3616 7709
1852 2430 2860
1502 2814 3237 3750 4687 4933
1635 5067 5935
1272 2935
1642 5473 5841
49 2109 2754 4991 5413 5530
4 2270 8523 9342
120 2132 2205 4896 7816
761 3265 3383
906 2398 5532
1923
768 4865
1879 2136 9128
1057 2108 2272 8465
1671 5574
1429 4443
1544 4241
1581 3565
385 2805 7908
843 3077
1075 2908 3544 5328 5849 6076
552 9815
1879 4431
1155 2135 3050
411 5632
1542 9273
884 2975
896
1840
939 5043 8638 9601
1484 4758 6134
1914 4382 7569 9302
81
1057 2124 2379
47
1494
1140 4364
1220 3084 5948 6194
1328 2437 3476 5301 5362
1083 2460
648 2950
1608 2441 5555
80 7184 8038
505 6974 8082
1983 7137
1587 7525
196 3261 3502 4367
1947 4722 6725 6931 8215
1953 4705
1178 4088 6011 6227
458
546 5088 9020 9221
1331 4269 5028 5496
2068 9290
2060 2953 3183 8419
1806 5127
149 2541 4567 6377 7251
1981
705
266
1627 4126 5000 7106 7410
1777 3221 8901 9756
1310 2990 3182 3794 7382
1054 2993
875
222 2501 6347
1344 2748 6102 7315
713 6664
1384 2711
2088 3358
1797 3847 4740
1539 2529 3040 3969
284
210 3870
1442
140
338
2062 4120 5162
903 2850 8586
540 3336 5320
2078 2142 4086
2067 2201 2218 3640
2018 3006
915 4676
208 4872
1937 3594
1210 3624 6306 6413
2135 4243
1122 3997
1487
384 4917 9921
1750
1025 2531 3649 7253 7951 9006
1350 2294 3097 3486 4765 9414
1633 4815
1757
607
113 5075 6821
667 2709 4773 7317
1506 8245
1014 4189 4719
1600 4613 8614
1234
770 4509
756 2280 7056 9123
843 5481
711 2182
1931 2371 2978 6996
127 4255
913 3246
541
1012 2895 2963
319 5098 7036
1443 5767 8856
1242
968
535 8583
1079 3713 3725
1369 3783
1632
1221 2911
1699 4276
669 6794
1939 2903 2928 6968
920
301
587 2493 2869 7091
2161 4465 7153
2016 5884
105 6265
1622 6180
873 3366 4121 7655
338 4859
1626 3258 5718
980 2555 8056
424 2792 4248 8046
717 2463 3020
386 2868 3732 4180
1687
1955 5691
1619
1919 2957 8404
855 2289 2477 3063 4615 5047
1349 9285
99 4992 5617 8985
1791
2136
1314 7847
1640 5835
674 5142 9992
2062 4169 7907 8074
1743 4856
1341 2865 4058
1474
1345 2341 5299
607 3684 6990 7385
2034 3262 6955 8476 8838
1279 4525
1036 2607
1372 3235 5380
480
513
962 9354
2136 6440
1538
1458 2863 6890
901 2248 4116
986 8842
1119 2897
410 2433 5265 6379
1853 4864
1535 7221
1158
1352 5352
1708
1812
568 2780
1186
1198
1795 3039 5193
1459 8542 9928
604
1410
5
1034 4816
1668 3236
1685 2771 3691 9952
1515 8573 9988
1762 4141
430 7028
857 6975
1225 2745 7860
1437 4435 8722
2221 2727 8454
1368 3727 5591 6600
203 2847
827 2800
1806 2676 4282
451 3110 8973
521 3138 4498 6905 9667
1064 6257 6350
423 3121
393
663
863 3455
1737 2597 7505 9690
1374 3044 3089 5347
1690 2365 2743
678
1344 3332 4399 6123 8182
678 4698
92 3659
1779 2331 3907 5223
1120
769 2336 4271 6045
2061 3816
1491 2982 4628
2068 3197 4409 4631 5904
847 8105
240 3733 4565
1553 3448 7641
1332 2874 2987
161 3513
2021 6695 8143 8291 8795 9589
2022
2159 2590 3199 3303 5262
30 2432 7326
888 7324
1448 2438 2580 2907
16 2734 4469
1683 2615 5431 7220
1409 2305 7716 9312
1742 2842
1716 3214 3371 4763
2197 5085 7630
865 8453
516 2608 7182
629 6262 6540
1082
2148 3487 9878
1811 3125 5146 5896
1304 2319 2820 4548
2008 3953
1601 3831
1595 4205 5570 7147 7876 8360 8555
1553
60 4366 5166 5364 5778
1198 3207 4419 5826
804 5821
750 9722
2286 2544 8878 9971
1482 3928 8220
765 3244 4653 8942
1150
741 2962
1990 2802
128 2375
2017 6141
1116 8925
1293 5506 6023
487 2545 4306
272
994 4400
984 3549
2296 7023
1978 5233 8673
139 3864
1666
383
1526 6617
1042 5536 8353
507 9613
976 2961 3796 8943
347 3880
300 4620
1484 8135
2267
1141 3913
1018 8387
277 5035 5350
819 2875 5984
2269 6631
1549 4664
818
266
1381
2209 4700
585 6021 9737
1187
1354 2945 6135 7064
1336
693
1156 5979
1947
1553 4543
1913 3263 5801
877 2973 5221
457
1315 2376 2515 5063
80
221 3518
806 2616
2049 4053 4897 6585
11 2723 3353 6210
1148
937 2966 7129
1538 5336 8263
1515 2675
976 3264 7779
753
2262 2778
1692 4566 5086 7079 8962
1414 2658
671 2803 5345
1876 2506 7796 9701
1573 4527 5444 8060
2162 3700 9213
535
1304 4318 6811
408
2311
2353
943 2428
684
2088 7171
743 4361 5337 7143
1494 5417
1647 2408 5954
2015 5327 9118
1243
361
1047
898
809
554
1336 3805 8224
1576 4428
400 3553
1422 2448 3873
1811
1763 2821 6646
1248 3153 8803
1358 4960
2064 7174
150 2900 4157 6923
835
1506 7895
2023 6933
1398
95
2041 3229 4888 6734
1053
1284 7118
2382 8663
903 3743 7402 8900 9153
1413 3417 5385
632 4873 9779
2022 2782 4743 7855
1820 8750 9648
75
146 7369 8317
397 2933 6129
1387
1896 8348
817
1379 3580 5316
20 3345
2028 2503 4621
50 3678
1842 3004
1710 4996
700
250 2647 8442
2377
1410 8546
2055 4228
1050 2882 5771 7396
2281
2224 5776 9146
1524 7327
548
1379 2859 3061 4415
2093 3739 5844
2283 3658 5877
342
1005 7053
2096 2482
1599
444 2872 3269 4976 5655
283 2965
1952 2807 3669
251 3524
1569 5232
2393
1582 2714
1961 2484 6133 9284
569 2809 3610 5236 5332
1434 4604 4762
1931
92
224 3660
868 5387
54 5662 5838 9614
349 2980 3817 5391 9493
125 2537 4517 8994
2094 3704 4388 6886 8285 8613
651 3100
170 5621 9707
2191 6844 7208
1381 9010
750 4529 7223
573 5682
1020 7527
1484 8986 9044
1495 3547 6462 6649 7479
1729 6040
604 3799 4300
943 2643 3896 8275
1933
667 3193
1361 2659 7130 7539
1156 5285
2197 4690 7224
1327 2560
2009 8998
915
2022
2441
195 4810
2450 5422
1234 8478
45 3372 8304
486
772
2023 3150 9197
634
813
1863 2684 3268 8589
2181
35 2985
1283 3827 5737 6140 7379
1673 6730
170
582
901 3178
1191 4661
2120
1166 3021 4170
2422
1613 6160
510 3926 3981
2369 2937 4943
711
202
669 2536
112
1758 5026 8313 8469 8570
618 3788 7513 8440
1117 3170
989 3998 9715
2353 2582
337
591 4866 4998
812 3808 6400
1687
1638 5461
1670 4796
142 2667 4836
691 2824 3027 8196
1262 4885 9728
747
302 4942
9 3917 4354
1556 4579
2126
1076 4585
2147
718 2672 7085
116 2921 5991
155 3537 9758
970
2509 3566 5411 9539
2459
1852 3426 9013
784
211 3034 4417
2111 4360 4490
659
243
2305
2315
1276 5379
1382 3181
1131 4411
1192 6404
234 4397 4940
1581
2031 2774 2841 4075 4379
1410
1453
2189 5158 7388
1577 3144 4627 4988 7081
1558 4596
247
731 3247
2478 3189
1406 3869
697 5753 6843
1307 3742 7944
665 3900 5998
1556
1715 4144
637 5886 7836
1895 7177 9143
902 3766 5214
1151 5882 7607 9855
1992 2691 7604
1354
1921 3091 8845
1840 2790 3470 3792 5510
589 7002
9 4822 8456
1556
33 3714 8318 9825
968
2283 4093 4124 7412
276 2906 3355 5277 7866
2515
1832 3666 5486 6062
581 4258
1046 2972 4903 5552 8801
1238 3481 7859
60
172 2940 5561
503 7287
2280 3479 8976
1934
1171 3280 8098
1748 3340 3623 5453 7294
80 2713 8899
1007 2981 3012
1173 6369
2260 3277
731
1601 4961
1888
1834
147 3363 5081
1957 3351 7304
115 4523 7868 9061
1663
339 4736 8308 9494
2213 5667
2291 4531 6442 6964 9772
725 3528 8849
928 5699
1548 6774
2023
1286 4457
223 2825 4175 7782
2285 4470 4778 5544
2356 4635 8895
1738 3550
1659
15 2856
618
324
1392
1525 2701 2898 4266
822
68 8047 9731
214 4955 7978
344 4611 7483
274
2021 2664 4139
163 7966 9564
968 8073
1312 4059 7339
1031
1892
1415 5635
1322 4050 5590
625 3720 5520 5765 6375
679 5487
503
692 2924 3160 6467 7349
840 2689 4927 5209
1514 2784
2472 4305 8271
123 3836 9807
1680
1414 3995
2427
440 3996 6183
1836
728 4672
1910
1252
1517 2772 5069
17 3545 3844 4841 8364
62 4827
935 8335
1627 4302 4691
2367
2475 2705 3881
1007 3369
14 3756
151 4979
1068 6247
2629 3617 3818 5323
1504
837
2522
817 8314
1489 8383
805
1915
2532 5857
1495 5554
1554 3136 3838
2362 3119
2252 9958
878 4875
488
1266 9680
126 3276
524 3204 4789
1889
118 4638 4697 8368
2492 9814
1152 6574
179 3450
1348 9018
816 5629 6207
2641 9769
1876 6622 8923
2571 3158 5039 5058 6805 7242
1940
678 9103
226
1285 2810 5216 8077
985 6870
1597 2948 3795 4639 7060
478
1522 8732
1766 6738
2623 5634
867 5357 8021
1805 3241 4459
1176 3613 9990
2659
1149
230 2916
630 6203 8160
2153 7074 7465 7890 9854
1612 8394
2123 5661 7097
505 3041 4720 5137
2594
2449 3036 4420
575
788 5019 6810
1337 6710
674 4699
925 6507 6987
409 6297
97 5335 8659
1977 4288
2358 5946
752
1146 7057
1798 7428
2248 4650 8410
1689 5748
671
352 3088
222 5537
1883 3577 6389 8708
569 2886 4764 5374 6334 9700
2284 3882 4916 5171 6009
1456 3085 3589 7363
358 3632
1175 2894
450 4264
955 9481
1938 5169 5761 6754
2045 8507
1046 6681
2262 8095
558
2246 5843
1911
1606 7141
2121 3505 8587
85 3116 3256 3310 4662
444 2925 5333
978 6904
776 3501 5471
666 3521 5947 9510
2060
1279
680 3800 9391
1592 9561
530 3301 3469 3822 7793
2000 9612
1473 3945 5167
1304
1500 3890 6668
1479 3654 6099 7919
127 4520 6940
1489 2877 4692 8218 9745
758 5924
1468
1264 5610 7069 7262
1821
944
2241 6460
2653 3142 6479
1551 4563
2552 6090 6091 7811
1996 5263
6 3375
1238 5145 7712
2365 4015
673 3591
2231
35 3154 3365 4427 4453
2412 5850 7151
748
2642 3127 8063
616 3139 6423
1244
1159 3359 5589 6068 7408
611 3014
1296 7705 7958
2574 6000
1540 3288 5442 9055
2190 7387
611
1725
868 3955 5867
1334
445 3016 4880 6542
1349
1696 2976 4004 4616
2251
209 4911 6956 8219 8839
2310
2368
1652 3935
2073 4519 4986
2039
2445 4348 6472 7935 9596
864
2451
2695 3225
1222
1346 6432 7731 7982
748 4659 5525 6222 7145
2056
1265 3082 3438
1029 4339
1880 8781
1671 3967 6642
697
2296 3419 8674
2395 3164 4814 7164
1743 3196
1620
2523 3026 3895
2614 6126 7031
1954
262
1638 3699
559
1829 2884
1232 2938 9978
842
49 5151 6249
312
1409 4426 6337 9607
373 2905 8037
518 9039
1709 6349
941 6153
842
2552
2287 3076 5149
264
247
1226 9980
1593 6520 7828
2250
1493 9333
1973 3475 6759
2133 7579 9501
230 8093
430 3681 4829 7150 8361
1197
1596
112 3367 6333
2619
1642 4037 9294
41 7283
2436
2055
501 9166
831 5354
2220 3694
1637 5172 8108 8238
2207 5604 7584
69 3156 6044 6675
1970
2192
2181 3507 6424
1340 6476
1462 3993 5390
2443
565 3454
2276
2335 6218
1583 3474 4172
2765 4402 5313
1380
1114
314 4233 4279 9509
221 3661 7481 9002
2431
12
2830
2018 4549
2733 4717 5654 6464
1568 5533 5640
1248 4246 6620
381 3752 6191
852 9167
487
1303 3282 3380 3740 4094 4723 7637
1615 7663
2737
2166 8036
171 3328 8209
2223 3877
2623
64
2399
233 3457 3515
440 4010 4732 8936
2178 8802
1243 6276
2836
2581
2283 3758 5429
2075 4296 6473 8720
1229
1146 4502 9257
2175 4462
364 3424 9871
808
1418 9674
1882 4384 5741
2707 4735 5343
1323 4209
1997 3974 5479
206 3662
1695
2533
1183 3274
1919 7386
2640 6764 8324
2750 3667
341
1059 3801
2178 3443 3735
366 3146
846 4187 9286
748 6165
762
2416 3278 9377
922 3596
2058 4508 5092
1215 3397
2506
2831 4675 4739
1268 4534
2588
106 3108 8091
60 6052
708 7441 8850
611 3883
2344
527 3664 4544 4977 6318
744 3894 7158 9184 9247
2697 5118
778
2095
198 6637
1708 4671 5365 6679
2109 3775 3889 4521
660
260
848
2196
235
1913
191 3522 9462
2327
2309
2166 8665
42 3279
2444 3013 4195 9042
2360
1780 5017 5034 9770
241 3499 3719
1898 3932
1049 4904
76 3434 3631 7140
2585 5105
2351 7723
743 5707 8164
2081 4011 4146 8757
2799
1351
2162
125
2458
2595 5437 9544
2271
1808 9100
174
2494 5121 7801
1052 3578
2276 6477
872 5416 5981 6300 6803
188 3406 7596
2117
476 3133
1295 3601
2118 3957
1818 8554
1478 8129
581 3010 4546
224 3388
707 3134
771
263
1125 3741
1014 5196
1130 3302
2424
977 3045 4755
2137
333 7336
170 3435
1739
2996 5605 8315
455 7673
2595 3903 4710
2965 3368 5548
2788 4335
310 5388
2797 6238
1268 4353
1711 4851 8730 9316 9647
1816 9668
2191
2502
1531 3614 7790
720 3908
425 3458 6132 7370
1851 5560
2824 3259 7840
2523 3897 4479 9804
1477
894 5091 5403
1621 4247
1711 4761 8250
843 4995 8779
570 3802 8256
2540
374 5009 7011
2714
1405 6124 8166
22 3053 5749
2234 3098 3702
2126 6095 6559 7813
2712 8711
695 7231
216 6005
2261
3005 3849
246 9859
1163
39
727 3318 7049 9297
2078 3635
704
1355
3038 4349
1119 4423
465 5700
1468 5452 8735
1496 3141
1616 4957 6022
551 8340
266 5087
2436
661 4049
2197 5460
742
12
1214 3382 3420 4137 4790
292
26 3841
1006
1096 4372 5440
225 4445
450 3774 6287 8299
541 7229
430 4142
348 8358
2842 3736 7714
2074 6109
913 5032 8480
138 4406 5893 5956
1076
853 9456
2815 9406
430 3644 4303 7342
2092 3916 6468
2735
320
1211 7344
2730
2261
464 5395 6408 8568 9041
2573 3104
1113 8755
1893 3188 9046
1532 6655
720 9548 9705
770 3793
2148
3039 4711
1448
2461 3123 3392 6407
713 9219
1433
1829
3091
1059
533 3350 6098
1590 3984
2941 3653 5344
845 3468
2253 5341 6175 7257
578 3960
161
1798 9631
1711 4715
1292 4471 5409
2749 4071
1531
2002 4466
2675 3489 4587 5305
1531
2256
796 3579
3100 3570 4163
477
2295 3174 5065 6775 8536
1646 5270
2784 3532 6541
381
1325 4590
1077 4605 5871 8421
56 4240 4357 4734 5322 6663 8451
476 4294 4929 7566 9670
2991 3825 9895
2998
1045 9762
2674 3959
605 3516 6546
2254 6054 9528
2785
646
3057 4446
2772 4932
1072
2556 5521 8880
1198
2929 9237
931
424 6788
1288 3272 7746
2489 3339 4485 4738
1539 3651
74 3338 4362 5251
2396
2781 3567
1319 3683 3717 7744 7923
2866 9573
42 4106 4680 7861
2691 5469
53 4989
2640 4934
961 3558 4344 9542
1575
1065 7235
2821 3252 6590
1136 9050
218 3202
1319 3842
804 5383
1617 7639
2513 4425
1692 7086
431 8132
312 3595 5377 9679
3125 3304
167
380
1825 5542 5558
2499 3342 3779
859 8919
948 4287 6343
2547
2117 3723 5875
2109 6687
917 4978 5438
116 5426 9011
1533
1550
3093 4678
2560 4806 6315 7109
880
1399
413 8738
2474
1323 4102
1269 9538
2822
2272
1472 6726 7205 9047 9329
2280 6523 7748
1839
2014 4289 4359
3166 4747
864 4542
2681
361
103
2302
2008 4681 7334
122
894 7986
1900 6457
728 4869 5138
1308
2288 3445 3690
176
256 6708
1249
126
2006
1516 9984
2116
481 6866 9805
1993
198
2810 3859 7675 9137
930 3352 5892
325 5243
160 6661
2405 5103 6693
611 6290 7759
1501
1031 9195
1255
465 3495
2214 4729
2240 4458
2056 7664 8190 8823
1288
567
54
2703 6869
673 7356
1569 6758 7649
2307 4451 6503 9283
1210 3848 7046
2164 3398
2559 9215
1916 4437 6744
1129
1188
665 3408
3164
1058 7879 8062 8599
1335
702 7774
2749
1650 3854
2188
3026 3830
1316
2101 3329 8311
2211 5912
2350 4368
2363 7661
2063
142 3575 4024 5503
468 4669
2492 8200
2443 5309 9094
1695 6225
1667 4819 4958
3149 4234 5449
1555
2922 6510
559 9021
2680 5706
2597 9037
2933 3533 4080
2964
2592 5296 5545
975 5283
2892
1163
1227
1378
762 5708
1683
2791 7043 7167
1708 5819
1217
1141 9875
1240 6674
232 3962 5952
74
502 3423 5807
944 5822 9298
1243 3867 7576
270
1157 3687
1356 3538 7426
2758
3003 3418 6409
2280 3335 9309
3174 4245 5785
426 3441 3976
842 3313
1158 4299
1995 4429
1079 4405
2749 4482 5686
791 5308 6178
2049 5281 6573 9206
3306 9129 9845
713 3459
347 7357 7665
728 5274
1459 3834
3049
2043 4780
30
1828 8830
1969 4448
456 4107 6410
434
381
1196 3810 8625
391 9419
2896 3642
3261 4084
1969
467
2264
1177
782 7261
3303 7918
2134 5186
995 5071
3152 3465 5177
3150
2593 6527
652 8846
3178 6723 7887 9821
1201 6166 6854
1188 4646
2421 4171 4320 6521
73 7725
1101 4284 6715
1982
1672 3488 8637
3106 6836
2603
3226
2358
1919
2581
2020 5832 6496
367 3433
2124
2787 3491
1981 6659
1658
45 3466 5307
2602 5375 6782 7667
867
2781 5052 8911
2186 4946 6260
2855 7561 8032
3013
2660 3636 9001
530 8301
2288 4503 5720
2486 4223 4777
1124 6015
612 5887 6454 9764
2776
997 9629
1410 9835
195 4918
76
2892 7636 8068
691 6046
3066
2063 5539 6627
1863
701 4283
1078 9065
1273
2997 5212 8203
1498 3482
752 3620 7588 8517
1130 4682
3100 4524
21 8890
1100 8175
943 4363 7420
1471 3492
2936
3246 8049
499 5396
1853
855
2008 3829 5101 7176 9389
764 6792 8787
241 4268 8965
105 4442
2989
599
3251 4449
963 5325 5609
1351
1444 4198 4450
568 4760
1376
1724 4164 9922
1762 4649 6963 9185
1778 7622
2410 9497
3302
2820 3572 9277
3066
1478 4489 9572
1519 6353
3295
2912 3744 5157 7083
666 8800
2538
380 6146
99
525 4022
1299 3872
926 3556 5275
1111 5231
3357 6220 6967
2971 4297
3008 8325 9235
1061 4230 5276 5905
495 5248 8155
2815
170
377
3305 5658 7384 8622 8950 9839
800 4540 8204
2928 4307 6913 8968
1128
3214 3453 3693 5464
1986
836 4838
2275 4251 5876
574
2686 3952
1607
1391
3445 6691
2873
2259
383 4871 6883
2901 3543
3024
3314 3548
1550 3745 5583 6795
371 3682
125 4073 8341
1123 3771 5239
500 9826
3338 5097 7645 8714
3362 4658 5252
22 4087 6733
3109
2758
2574
1771 3971 5805 8700
392
667 4051 4136 8156 8309 8577
2876 3546
2849 3772 7587
2093
1653 3878 4766
903 9009
2590
1392
2586
3389
77 3527 4207
1931
1028 8504
2148
2294 4949 7166
3349 8761
3119 4545 7486
1184 5683
3359 6524
3396 3826
847
1399
3234 4779 7006 9280
1843
704 5642
1484 3755 7844
2968 4645
1419 6475
2752
2101 7753
149
76 3892 4804
2748
619 3898 6233 6357
2869
1540 7432
32 5588
1370
1079 6946
1120 3939 5131 8723
2277
1820 5175 5671
2901 3674 4799
3137 6461
1205 7087
2355
59 4746
1000
2753 8632
2960 9351 9642
88
2446 8023
1893
1631
3483 6069
2609
3
399
1591 7473
3127
3278
223 3986 5095 7244 8527
1478 5188 6971 9160
1480
2534 5997
3300 6039
1400 4143
813 4430 6393 6545
1803 9499
1904
3457 9395
2075 7605
2654 6189
3474
2469 4328 4852 6192
3459
2318 9272
2617 3737 9752
213 5211
331 9829
2392 3607 7620
1610
1572 7853
3431
2039
3161 4748 5597 8206
410 4410 5361
1428 4249 4573
247 4323
1594 4260
1155 9141
116
2072 3789 7752
2536 8618
3154 3680 3773
105 5906 7704 8411
1988
3123
1601 3951
3419 7696
464 7132
511 6204 6243 7241
3266 6493
2003 4537 5046
2732
2986 6136 7856
3122
2420
601 5833
1950 9514
1170 8716
1527
1577 8468
664 4127 7904
880 8710
1133 3648
2735 4418 8015
292
2779 5916
1841 6735 9443
22 3675 8080 9931
2140 3634 4769 5883 5919 7225
3173 4369
2934 5514 6596
384 6234
1163 3861 9279
517
666 4151
2992 6548
1204 7826
343 6809
2032
199
1679 4393 9725
3553
860 4576 5794
757
2451
1474
1033 4550 8086
2704
3022 8592 9902
696 5230
2054 7778
2664
133
1658 7754 8847
3390 5051 5726
147
303
2593
2141 6781 6880
338
1067
1029 5638
1809 3954 4817 6636
996 7624
156
2971 3991 4844
2736 7068
100 4319
3594 4099
3050 5874
3369
1727 9384
1338
1420 7634
2136 6144 6578
271
3328
77 5132 9972
3083 4588
1508 7401
677 8234
684 5181
3588 4227
2147 4389
1437
3151 4118
864 4657
3108
2763
674
1903 3887
437 6598
2438 4081 4593 6092 9597
2266 9938
2455 6480 8946
2881
2919
594 8822
2946 7889 8904
249
2583
2925 4125
95 4238 9087
2445 7543
1796 7391
1121 6847 8666
1276
1932 4113 5303
3515 4973 7335
3593 4191
1772 5185 6386 6531
1805 9250
2423 6544
90 8277
3567 4211
2852 3965 4342 5128
3461
3155 5227
2210
915 8661
1606
3299 3706 4464 7115 9088
155 3738 8603
1205 6327
3214 4797 6106 8646
2241 4219
1989 5282
3445
2863 5272 5338 5812 9747
1548
1704 4594
1373 6581 9382
1812
2828 5072 5298
2371 4295 5371
1626 3899 4997 6628 9339
3039
1161
2460 7760
44 7728 9144
3687 7107
853 4252
354 7210
208 6282
1536 7134
141
177
2172 4043 9378
2578
303 5687
1008
3155
1435 5330 7825 8811
2968 7240
2637
1409 7138
691 6666 9768
3182
1231
2172 3837 5044
555 9035
2249 5384
819 8289
1972
1293 5738
1259 6739
2192
2274
1299
2928 5203
3076
3550 3760 4261 9496
3688 4839
2437
2892
3001 3901 5048
2563 7232
2409
3424 9620
3460
1005
2051
1361
427 5711
2056 4064 6702
643
2889 5958
417
103
3498 4182 4370 5144 6713
2661 9823
266 5036
2907 5652
389 7322
3737
851
1898 6616
1733
1699 4554 5509 6917
712 5292 6633
2569
993 4358 5862
1294
458
946 7077 7685 9289 9526
3463
3475 4091 8371 8821
3567 8500
3072
2953
145 7194
1324 4186 4413
211
3178 9861
26 9979
1547
597 3980
2173
613 5786
1845 8564
1022
1760
2512 9743
3565 5522
1487 5198
1333 6976 7100
2574 7733
3096 6818
2117
2697 4265
2327 5891
1926
46 8488
2471
2756
2927
3033
1641 5925
1513 9203
2390
1289
1700 4569
2518 7288
199
3326
273 5963 7256
1932 5060
928 4314 8463 9115
822
1271 4696 4826
2270
2458
2664
1467 4849
1399 7390 7449
828
2758 4119
320
399 4807 8140
3133
3492
2495 6064
1288
3402 9092
3259
2298
196
1858 5811
3317 4085 7061 8884
1809 6714
2644
3725
2674 4737
2011 6891
217
3068
3167
692 5478
2654 5249 9210
1351 4067 6152
279 4313 7970
2125 8701
3245 4063 4395
3045 7713
1217 6212
1417
504
1766 7558 8357
3257
47 5139
623 6550
1931 4155 5393 7671
1473 4286 4472
3225 4516
1629 9619
3598
615 6255 7914 9654
466 8418
2321 4352 4688 5797 9019 9616
615
1336
3297
2006 8685
2561 9317 9521
2128
1227
3430
2393 5562 6676
1533 8302
771 4599 9003 9089
77 9632
2897 6051 7029
3477 4005
1626 9981
2328
2659 4160 5953 9052
2734 6107
2944 5766 6741
1113 5115
158 6200
150 6502
3656 8605
1924 7366
2953
2762
697 5939 9710
3504
401 4330
2947 5834 6084
2824 4845 4928 8278
2472 5078 5399 8429
3027 5197 5603 7300
3506 6911
3701 5170 7301
2564
3741
129 8389
3012
1456 5995
962
888 6494
2267
3023 5215
610 7968
1915
1252
1117 4834 7806
2332
1282 5376 5427
1907 5793
3084 5551
2527
1736 4333
1500 4985
508 4416 4574
1720
1398
175 4898 5861 6595
993 7082
1132
2505 5279 6071 6796 7786
437 5563
2306 4730 7169
646
1863 6465
156
2969
497 5089 8595
1795 6406
2804 7462
943
1931 4922
746 3943 4959
3512 6087 8359 8489
1131 4112 8134 9962
1883 4492 9709
365 4877 6441
3938 7090 9508 9622
795 8320 8883
2760 5836
587
188 7772
110 6916
525 7065
1110 6463 7216
3571 6471
3450 6767 6981
2297 8585 8623
3628
2795 4912 7516
476 5526 8000
2993
300 6055 6385
3136 4242 4487
3111
1940 3979
3293 4467 7833
1743 4208 7041
1857 4982 5190
3681
1680
2818 4077
240 7668
2126 5490 7598
1898
3471 4343
359 4108
448 7830
2918 4256 8584 9848
690 4557 7000 8158
3305
1902 4040
177 9095
3961 7247
3782 8566
2505
503
2036 4159 8057 8667
3107 4060 4173
575 5106
3534
549 5602
758
1737 4452
2000
3631 6920
79 6125
2871
1493
2646
2648
2143
2514
543 7403
497 6508
1860 4065 9438
1819 6430
113
2799
3878 8381
1441 4461 5637
1795
187 5346 5917 6529 8609
383 4292 5538
2902
2975
327 8044
803 7721
2042
2778 8172
7
562
211
1340 5041
1409 5936 6719
1337 8770 9843
3429 7619 9217
1113 8350
3266 8569
454 4375 6237 6706 7037
718 4054
1916
339
1678 4974
1138 4714 8445 9062 9301
1587 7508 9881
1481 4541 4971 5425 5722 6697
1516 6701 8439
927 4371 6083
779
1690 4149 7316
2857 4572 7350 9211
1957 9274
12
3977 4965 5160
614
1628 4617
3713
640 6657
1523
1725 4213
1211
124
3062 7807
2636
3473
1347 8508
2357 4096 6937 7524
4026 5909 6965
1746 4290
331 4511 5010
1341 5628
2207 4190
2632 5675
3984 4468
778
1544
3848
3750
4001 5107 6686
1820
3845 5837 6501
650 5410 6505
1625 6653
2043
3116 6366
986 7669
3462 5556
1931
2552
1128
3967
717 7496 9600
456
3278
3658
1168
1330 7338 9340
3329
3834 6678
2135 4285 7708
3467
2104
407 4298 9396
193
3772 5025 6339
760 5053
2580 5466
2892 5294 6978
975 8675
4053 7915 9790
1238
1742 6425
3634
697
1320 8416
3194
31
1082 8210
615 4506 6592
3157
3323 5250 7864
3972 5238 5459
1399 4868 8097
635 4551 8106
394
3940 7998
3673 5055 6355 8601
1894 5021 5569 6047 8487 9209
1231
2221 8548
345 8420 8871
3651 4788 7740 7758 8827
3822
2132
2186
232
1792
2580
3667 6325
2115
3586
241
1720 8520
834 8814
1375 5451 5491 9796
1821
1565
849 8829
594
3473 4304 8495
3066 4900
1455 6449
2629 7248
1186
2243 5104 7776
3074
3539 4199 5546 7353 9577
2566 6110
804 7586
2975 6311 6358
400 6003
907
4036
1491
3600 9379
1754 5159
766
805
3857
1363
2399
427 8689 9479
3983 5372 7314 9086
3881 4412
1292 4513
191 4944 5754
3123
3414 9507
1061
27 4316 7976
1442
733 4312 6506 6828
2205
2502 4592 5577 5684
3345 4301
2876
3984
491
2614
1855 8223 9590
421 9954
1305
583
2192
1051
3755
1160 5006 8598
1814 6246
908 4966
3777 5178
2930 4326 4612 5084 8033
370 9388
2155 5646 6727
4058
3675 4193
1579 8157
4191
1438
2965 8236
1346 4584
329
3411 4336 6704 8772
4143 8972
751 4273
1278 6798 9038
633 9331
545 5827 6344 8423
866 4931 6927
2299
1912
3483
3963 5941 6994
2917 8112
1101 4733
3680
449
4046
1744 5980
1962
2042 4863 5183 7348
710
1615 9924
3691 5759 8539
773
268 4494
684
3372 5402 5567
528 4345 9269
1987 6328 9372
1352
3648 7201 9368 9773
2430 9468
301 5404 5441 7777
3436
1849 7108
1649
2880 4855 5342
3272 7781 9068
318 4828 8917 9683
571 4278
1639 7133 8571
3668 5194 7818
263 6784
3131 6983 8034
2071
3959 8153
2142 6840
310 7419 9935
3304
2888 6643
3030 4893
2190 5475 5863 8336
3560
456 7631 9879
3448 8612
3707
1232
1848
2163 8031
3974
1313
2584 8369 9199
877 8709
3562 4712
3737
37 8217 9788
304 5061 8806
2738 7413
3795
2623
1599
3404 4967
2107 5800
226
2269 9658
1871
4200 5255
176
1542
2176
1300
4236
2880
1651 7509
1291
2252 4644 5456
3385
3347 5702
4086 5179 7211
3858
3180 5608 6499
2722 5257 5746 7940
3201
4055 4341 5439 5950
695 5913 8658
4009 4387
1027
3132
3700 4414 8906
2908
3434 4447 5697 6363
4089 6082 7239
3307
2471 6855 8991
4171 6568
2657 4840
3083 5123 6019
4136
2643 7263
2315
3443
1006 6718
971 6340
128
1639 5881
4168 5246
3846 9134
3813 6275
84
4166
683 4857
2373 7088
3633 4731 6543
3345
1342
174
3561 9107
512
1540 7015
4187
1663 5184
3547
1913 5717
3893
1307 6264
1296
3918
751 4491 9352
3014
4198 8747
131
444
2816 8136
824
4290
3681
3971
3161 8824
4224 4751
1922
1767 5398
2807 6871
3053 5079
214 7020 8816
1324
3864 6117 9176
3017
2527
1927 5680 8415
720
3131
3767 5152
3201 5696
2541
2380 6428 8075 9264
3152
3395
2091 8116
1885
2301 6570
2101 6772
3263
3595 5993
3755 7608
4034
3070 8957
1995
1368
4025 7213
1371 5775
1424
1509
2552
1138
1727 6049 8749
2086 5220
1335 8319
2915
1653 4679 5129
1734
4292 6043
2460
3649
641 4770 5120 6088
1366 5622 8222
393 8669
3606 4727
433 4892
3848
1268 6753
2550
98 7310
2264
2317
2044
2877 6709 9131
393
1201
3309
3079 7965 8412 9741
870 4926
555 8276
2272 4463 4666 6969
3559 7035
2548 7293
4160
3777
4295 4882
2436
3920
2540 9726
3589 6261
2302
2714 5856
21
133
3054 4603 7445 9786
331
3170
2835
2781 4597 4939 5566
2391 8296
3308 7021
3540
2077 4640 6577
1550 7540
513 6341
808 5568
2247
854
3248 4752 7333
937 5669
557 7104
946 5083 6162
654
3405
2070
294 6259 6936
3071
3141
4297 4867
3322
3408
3411 6572
3244
3989 6757 8242
2781 5111
61
672
1858 7724 7842 9915
2613 9110
3236 6485
2703 4937 6455
452 8100
4006 8576 9691
2911 4718
4409
3687
2182 9976
3118 4713
3962
4060
2284
2615 6097 6431 9248
3115
3858 4476 8852
1008 5664
1528 9476
1289 5324
4472 7735
1038 5584
805 5326
3027 5229
2048 6332 8524
1904
3310
559 7352 7775
2
3150
1800 6159
3959 5016
1290
3421
2541
4334
3941 9390 9720
770 9763
4221 4842
967 6928 7599
863 6201 8386 9919
1313 5659
2254 8228
266
580
1051
2910 5247 8438
3371 8602
1712 6176 8061
1371 6435
4105
1630 4571
2935 6101 6202
2158 5505
1805 7823
4056
589
4161 4606
1998 8652
1278 9625
3859 6995
2459
1347
2805
2764
2953 5024
1984 7095
2604
3392
2212
88
2370 7222
1067 4600
2465 7365
1109 9565
2608
1602
1697
2939
214 8295
1486 9084
3576
231 8687
938
3442
4032 9208 9738
3203
2349
2946
3489
2996
1627 8922
2296 4808
2885 5040
3612
4110 8477 9408
687
629
3764
1832
307 6148
3975
1485
1631 5050 6038 8707
1898 5472 8221
1571
1876
2773
973 8541
2274
2366 7328
2111
122 6444
3807
214 8024
4507 5394
4037
3560 6280
3920 7117
1005
3608 6170 9437
1052 6313 8090
656 4803
2528 4805 9056
728 8729
248
90 7190 7616
653
4196 8597
2530
1080
3119 4630
3644 6724
1147 6382 8479
3129 4801 6889
506 5710 8443
4170 5392
3658 4629
3696 5992 7981
1713
2557
4427
794
3875 7168
4528
1056
1539 6079
4423 9179
2452
3130
4513 6326 7323
1773 5339
4 6187
831
1926
2627 6696 6721 7939
4187 6373 8620
2156 5719 6127 6181
903
2197 6196
2799
4042
120
1069
2329
2422 4647
954
1807 6145 7583
1473 6371 7514
318
1508 5633
2556
2271
4593 4987 6376 9957
4587 5311
2272 7161
1684
687 5018
1288
2616 4716 5818
465
1053 7275
2683 6429
2697 8179
4431 5074 7268
811 8355
1152
627
4282
3499 5926 7195
3344 7902
4621 6731 8010
124 7697
3415 9729
2727
194
1013
2307 5192 7337 8147
176
1179 8078
833 6030
3652 5944
3466 5448
2813
1024
2500 5519
2749 6258
1425 7372 8189
2337
1530
4409 7264
75 9417
623 4802 5999
3267
725
2952 7358
2650 4968 5960
842
1589
2938 8808
2138
6 6184 9537
3188 5290 5930
4385 5750 7936
3157 5598
3208 5153
3391 4768 8887
1555
796 8058 9849
1294
461
2056
3864
331
2477
2657
2765
1539 5421 7686 9917
1642 4881
1467
3815
2683
2265 7769
2718
2341
1914
1001 8066
531 7368
924
2103
324 5059
269
1481 9435
928
3012 4811
3098 5271
4260 5647 5934
4466 4846 6736 7045 7443
4030
3114 5082
4635
2886
4462
2155
2712 6147 6807
1505 5758
2102
2892 5712
1202 8966
94 8502
220 7785
4393 6342 6660 6750 7475
331 5802 6335
3235 6984 8739
3928 6760
4319
2902 4962
4210
3131 6286
2916 9543
2606 8054
3838
3150
2938
2125 4894 5259
1558
1432 4753
2412 4823
329 5457 9535
1857
3519 5291 5512
3202
3558 6837
783 6851
998
4345
4437 8610
4742
359
3005
910 6487 8244
1874 5528 8657
2085 4981
313
3412
3031 5242 9656
2452 6387 8804
2288 5218 8717
2733
2148 5773
3477 5670 8018 9381
1290
4682
3594 5042
4390 5592 8929
1445
1450 8948
2153
1002 6599
382
672
3372 5156
2615
3495
3319
704
671 9889
910 4785 9812
1316
4783 6881 7165 8978
821 7831 8288
1643
4118 5143 5477 8912
2681 4914
3066 5485 5864
999
1155 5133
586
742 6119
1384
2521
3690
908 6961 7798
3515
1377 6850
4590
4668 6533
4578
3504 5208
4579
3189
3824 5463
4548 7932
1197 5529
2483 5187 9369
4710 5784 6002 6390
354
920 8876
2821 6074
2149
2239 5109
3628 9872
199 8837
3271 9801
786
53
2576
4743
2044 8793
367 5245 5293
3815
2655
4235
2852 8414
2035
578 7042 8828
1582
1654
3912 7991
328
2522 9338
1772 5360
3447 5764
3738 6563 7160
4302
2654 6242
4494
125
3631
3895
4713 8902 9916
68
1694 8833
3819 5500
1282
3018
3547
858
945 6977
4233
2206 5474
4317 8092
1896 6986 7768
2187
1667 6205 6926
1579
783
4216 8171
2225
2066 9718 9908
2517
4447 5056 8137
4109 5940 9813
3212
1522 6354
3456 8582
2139 9325
2411
1035 5855
2677 6860
28 5161
3942 5734 8514
1201
1990 5206 7470 8656
2797
4694
4414
2010 9051
1046
2524 5264
605
235 6635
2405 7159 9704
1054
544
734 5367
4394
4247
4740
1662 8984
2062 7325
2357 5969 6185 7181 8109
3923 6248 6914
1051
4137 4910 6383
580
416
2585
2970
245
1860
290 6939
100 7355
1915 6139
4900 6128 7585
2801 5135
3955
1809 8436
4789
1985 7580
2734
2145 7309
3378 9492
396
997
465 6534
3937
1258 5636 5888
839
706 8920
4407 7499
2641 6878
3895
3132 9401
1230 5848
4204 6817 7332
3142 5803 7284
2056
3160
166
1087
4459
836
4427
2550
851 5124
2526
2506 4950
4162 7076
1457 6951
3366 8561
485 6272 8148
454
3487 5847
4943 5498
1148
271
1792 6677
253 8159
2626
1619
3058
3271 8121
3938
2397
2599
4732 5988 5994 7538
535 5918
330 8910
4040
4185 8269
4268 7783
4672 6059
831
1348 8636
4032
1345
3674 6271 8798
4029
1040 7517 9635
2443 9175
2946 7374
3184
2662
1718 6365
4758
3964
1554
168 9892
3919 7503 9157 9489
2805 6007
4629 6806
2556 8848
3159 5315 6498 7594 9609
1486 5057 9867
2060 6026 6575
2199
1063
628
3032 5080
2425
3701
2517
1341 8593
2115 7950
1364
24 8460
790
1653
1511
4183 6398
1598
372 9799
3035
4056
97 8430
1227 8470
712 7267
436 8987
988
4487 9069
2967
4633 7548
2716 5816 7546
1171 6766
4114 7854
468 5446
1150 8617
4521 6143
4091 9085
2511
1091 9527
2107 5358 8433
447
845
1738 9761
3078 7271
1292 5581
2967 7706 8087
2334
3757 7927
1086 7741
216 5692 7571
2691 7407
4549 5831
4019
4769
2084 9082
3725
192
3576
2197 6515
3741 5586
1699
4559 9400
3620 9721
3365
4092 8944
1514
4113 7512
4867 5851 6777
4990 6504
2691 9307
4706
3812 6610
4263 8131 8535
1513 9809
2353 5450 6157 8181
1961 6868 9778
3125 5240 6072
443
2057
1215 5942 7472
2653 7297
1956
3337 5648
3699 5302
312 7163
4640 6717
2152 6991
679 9516
1153
3896
4349
4995
2602
4715
4440
4187
2289
2366
3060 6274
2106 9251
3933
1609 6372
3029 9749 9850
2935
1402 9156
873 5890
3534 6797
1814 8768 9188
3465 6041 9356
2167 5872 6053 7899 8279 9451 9675
700 8529
1970 8297
3402 5730
1887
3229 5977
4141
2972
3985
4065
475
4816
272
4453
1556 6362 9232
495 6060
1563
3884
320 5268 6320 7839
368 6312
2948 6411
390 5931
4390
2985
521 7718
4303
4941
393 8111
1130 5356
2110
3681 8731 9945
4385
42 6640
3512
3643 5334
4792
2038 6438
4911 8471 8677
1997
2712 6450 8253
3212 5858
3855
1566
12 7949
2204 8562
4788
3755 7116
2777
2295 5150
779 7437
1672 8560
2842 9665
5146
2833 6014
4358 8043 8694
4681 7957
450
383
4777 7354 7615 9246
3424
2555
4152
4040
4876 8214
2132
1005
1239 9140
1966
2301
2760 5207
1768 7404 9946
2740
3899
2734 6368 9899
2864 5433 6168 6829 8935 8975
1973
932
3514 6517
1604 5527
3338
4186
4285 6513 9028
847
3647
790
4216 9604
4327 9409
3676
3336
4810
3535 8774
695 6824
3964
1514
4653 5666 6793
2234
4238
1311 5685 7026
3002
3897
3790 8693
216 7468
1745 7880 8373
1103 6392
1940
3735
179
1395
4879 5576
5167 8362
4804
2641 5899
821
3551
3388 8997
425 6858
2569
3908 7717
2695
1669
4763 7070 9640
1599 5616 5907
4382
2351
371 5688
2267 7791 7910 9646
1861 7099 8286 8670
365 9049 9424
727 5543 8759
3683
977
4479 9894
3615 5673 9793
3432 8065
2447 7730
2320
235
61 6720
2451
1092 6752
4108
3463
5065 5656
1291
4761
3227
1173
4825
4312
4502 6063
3437
3844 5894
4107
3152 7005
3466
412
135
4273 6671
1412
4288 6601 9346
151 5716 8982
4740 5615 9460
1027
889
2280
2775
4885
2224 8019
299
1609
5116 5582 6422
798 8898 9591
3126
4711 6270
3694 9488
1786
3316 9858
3431 7155
3436 8970
2581 8227
572 7306
3926
892 7993
3312 5312 8894
3692
3281
1246
2476
525
1616 5740
446 8784 9487
520 7755
4678
4746
3765
4825
4094 7135
851 7265 8913
3280
1981 5340 8351
3699 9054
2209
1272
2093
5072
3673
1515 5823 9362
3119 8914
501 6945
3362
3311
3269 7891 10000
1947
4630 5580 7089
5281 8715
2877 5972
1450 7308
4989 9078
2420
530 7054
357 5752 6669
1757
2134
1492 5382
3131 9626
2664
4475
3409
4478
2383 6748
2075
1637 5774
3718
1503
2451 7577
2750
5132 8365
2721 5777
2361
2380
3694
4607
5297
3110
4233
2916 6169
3108 6511
2368 7298
4008 5820
2261
2026
1211
2334 6551 8193
674
2228
164 8195
2862 5483
1272
5126
2702
5028 6113
1676
4837 6560
3559 9914
2093 6742 7050
1364 5920
2301 8333
2952 5751
212
4891
1519
602
1196 7260 8993
3700
4159
1926
2733
3363
3914
3173
574 9171
2546 5795 5990 6114 7209
2214
671 9454
5321 9847
3168 7453
3727
2410
1620
2456 5929 9182
3015
1208
2871 6838
2458
4592 6605
3857
4571 6304
3090
3399 6483
387 9173
4347 5572
3896
1850
1257 5915 5986 7629
4223
3029
4229 5814
40 6930 8142 9229 9641
1793 7152 7172
1110
1575 5428
3115 8491
4068
2536
100
2060 9198
157
544
2988
2381
611
1716
2032 6356 6830 8688
4693 6779 9885
2484
207 6569
13 6579 6644
4032
3185 5645 6872
3914 9335 9643
5408
2907
1942
2285
1901
5172 7427
596
474
1668 7249 7383
2981 9677
3184 6031
4290
3070 6288
4229
2791 7633
795
2370
73 7742 9868
5022 6293
723
4658 6303
3272
5063
4131 9326
3056
2593
1286
1437 5578
4282 6295
4744
1365 7127
4108
3063 6587
2520 8648 9959
799 6016 9791
4807
3445 5792
1266 5808 7977
4093
1218
288
3158
141 5970 8428
2752 5731 6412
4560
2059
4856 7198
4248
1093
4788
3843
2918
1595
2160 6130 7375
226
5354
1657
4790 5957
2583 6989 8702
2638 9380 9891
1881
546
3969 5587
4131
29 7343 7720
860 5499
976 7286
1385 5760
2107
767 6900
4950 7398
5493
4849 6652 7142 8974
1181 8506
465 6530
3266
919 6345
4509
2314
1508
716
3764 6486
2574
1914 6093
4746 7495
11
3596 6364
885
427 9502
957
1935 8349
4661
2637 9490
3144 6823
3789 5840 7827
1481 8867
855
2813
3956 7900
5176
4757 7835
4809 7757 9757
2060 8939
174
2064 5540
2887
352
1667 8344 9004 9393
2325
2731
4009 6309
3383
5532
232
3177 5788 7924
5226 5660
2615
3280 9253
4143 8444
548 6010
3013
1634
458
3916 7243
2585 5690 8212
1972 7078
2673
2096 8096
4073 6173 6215
1352
3177 7690
1000
3025
2588 9603
3873
3927 9155
772 7417
551
4427 6302
4223 6177
4434 6057 7846
4114 9699
2299 8858
1888 6778
5398
614 5790 6075 9923
2069
1539
5206
4170
5455 6105
606
5311 6912
5033 7012
5268
3460
4477
32
5048
5490 5769
3509 8338
2787 5594 9733
2636 7526
2249 6589
4770
351
5589
141
835 6223 8240
3558 6214
4680
973
854 9551
1788 7094
3987 5625
3897
2865
3010
948
1193 9072
4287
3409
2768 6896
38
931 9943
1715 6822
914
5259
5219 8316 9387
2199 8259
1493 7148 9433
1995 6244 8422
1152 7136 9262
2462 6032
4391 8615
1248 5782 7066
1330 6221
5602 7027 8531
2038
1219
4057 9192
2688
1916
1524
2079
4626
2701
2635
4923
4006 8928
3627 9074
1782 9523
2887
1926
3497
1571
759 6285
5426
4189 6491 7393
4712
5071 6073
1147 6618
1562 7885
1097
3758 6765 9781
1704
2886
2443
5240
1365
3441
4497 7072
5543 6942
2711
2457 6842
859 5817
4473
1615 6443 7282 8128
5192
2607 7008
1499 6876
4438
4766
3514
1833
5230
11
4059
935
1768
1826
675 5703
4355 7214
1494
2466
3490 5922
4170
5195 7832
3310
3715
5222 6131 6182
1418
5552 6012 6403 6790
2194
5038
15 9282
908
2051
4359 6278
4297 6111
1004
2610
3055
380 8509
4284 5830 6910 7554
5679
1341 8790
1526 9558
3276
2974
3286
1698 6121 6861
4591
3749 9562
4723 7590
1314 6451
129 6085
1801 6879
5258 5798
4329 8025
2188 7678 7809 8101
4613
3371
670
4032 7003
117
1436
497
3620 8635
1352
911 5932 6722 8395
1225
5101
5471
1291
157
4877
1366 6525 6536
1012
2495 6036 7532
3730 6747
991 6256
5287
2915 9398
1833
1115 6497
608 7565 9532
1688
4288 6689
1695 9593
2728
3038
4679
5365
5318 6156
2562 7364
4162 7745
646 8048
1212 8321
632
4721 7199
4219
5495
2740
369
642
4838 7739 9111
2637
3883 6229 6351 7400 7574 7662 8122
2168
1936
5587
1467
2431
1986 9602
4765
5329
4376
2433 7440
5335 7507
2301
1997
1519
720 9015
5623 9432
1481
4811
3304 9243
3784 6875
440
5542 8955
1521
5573 6950
928
5464
3915 7179
3608
5379
252
3864
5716 9693
205 7727
4269
2350 9033 9410
4728
4932
1050
3471
45
3295
5465
1066
393 8385
3833
3694
467
5404 8012
1326 6827 7925 8921
5019 5846 8567
5663
4635
3289 6161
5346
2303
3296
5304 6606
1885 6171
201 6448
2302
4203
23
6
5702
5040
3356
3581 6626 6999
3894
2203
3945
4067
2457
1177 6813 9865
5522
2059 6195
215 6396 7454
2745
2437
122 6397
5816
4949
4930 6391 6621
2075 6447
2782 6667 6862 8857
5056 5983 9834
486
311 6307
429 8107
4874 7556
4420 5982
2672
5138 7112
2044
1882
3923
3767
4248
4790
1149
157
2795
1587
1850 6013
1488
3130
5098
1843
3635
3182 7618
3448
2438 7376
113
331 8537
1068
4311
2570 7814 9256
3594
2183
1269
2567 9386
3374
4923
884 6650
5094
3796
3226
3079
5249
1337
2295
154
256
5209
798
1507 9423 9806
135 5965 6555 6952 7302
1653 7666
2272 7805
3436
3568
5219
1865
4054
145
1210 6634
3262
4291
238
5401 7448
3591 6096
4008
4963 6445 7642
3594
5363 6281
738
5683 8035
662 7788
2766
3803
4645 8941
1259
1188
5387
4678
5119
5728 6250
877
4712
2057
4020 8719
505
695
3891
4868 8580
4208 7534 9929
5068
628 9991
4657
1717
2723 6029 8205
2753
2092 5961
8 8375
4290 8703
494 6352 9900
3293 9985
3881
2382
1537
3079
5485
3752 7307 9444
1200 6645
4672 9394
5948
1239 8006
3811
850
5902 7984
141 6888
141
1999
4897
5470 6058
1267 7575
5313
1694
1099
148 9079
1248 6959
5103
940 6065
2347
4214 6832 8744
2988
5856
5851
2335 8907
573
5401 9259
1106
4962
640
5379
2533
4594 6705
4369
4962
3904 6310 8964
111
3537 8425
2564 6439 8581
4668
2790 7893 7913
1432 8686 9852
4811
4147
1709
3043
1125
4986 7995
1216
2734 8441
5547
2104 8698
5690
5869
5151 6571
3373
5462
1651
1917 6729
4303 8300
637
2342
3058
2314 7610
2031 8498
1476
4991 6374 8188
1053 8406
993
5946 7052 9802
4656 8070
5438
5621 6216
1156 6120
1666
260 6934
5737
1271
4559
3538 6172
2470 9661
5097 6149
205 6895
4387 6623
2866 7039
2269
3381
4114 6576
280 7980
4381
428
3877
2942 9638
5098
3138
3958
931 6456 8120
5568 8334
5970
4968
5113 6330
1295 6903
2583
5247 7490
3827
5978 6416 8042 8765
1104 9896
763
2787
3527
1912
3926
5065
5648
4814 7436
5573
2075 9299
1747 6296 6654 7643
1479 6186
4602
96
620 6703
4298
4034 6966
3894
5714
1160
3939 9998
4390
1989
2774 6630
2774
3658 7559 9275
5511
998 9330
3040
5916
4470
3106
2763
1601
4508 9853
2121
996
1894
5578
3690
3882
1241
3077 6609
4144
5697
470
5358
5379
1109 7535
2037
4352
1071
4794 9151
6033 8002
5709
712
2264
3037
3992 6865
2825
4613
4910 7124
2416
5481 8624
5688 7947
3024
2450
2085 6208
2344
3578
1099 8472
499
4909
2495 6898
2312
31
5024 6665 9751
3640 7438 9989
4623
3427
4720 6707 9064
4556
6041
116
1980
3845
2839
746 6670
129
5752 6251
5063 6190
1882
4486 7341
2504
5819
4440
1269
1937
2931
3343 6198
1836 8734
5172
5343 6957 7467 8180
4576 8280
5824 6852
6039
5556
1271
3110 6394 7946
4504 6553
5567 8690
3311
396 8380 9666
2185
4613 6561
5688
2648 8851
4677 8331
4897
6078
4608 7004 8550
419
3545
6157
2889
3547
1739
2092 7051
5841
4615
1442
6166
693 6814
3885
4496 7635
4508
2708
3574
4860 9164
1621
2688
6134 7406
1125 7345
2358
1839 6690 8713
3850
286
5597
5556 8855
6032 7719
1162
2875 6694
978 6418
3433 9371
5624
2813
5596
973 9457
3270
719
2104
1410 7312
5766 7146 8547
994 8930 9063
262
189
3506 9684
3597 8633
74 8475
1189
4025 7187
3016
955
1279
1848 9461
4841
3574
5619
1746 9903
4184
2663
4898
2833
5932
6156 9242
1511
477 7367
1023 7999
3862
5739 6399 8378
2255
4662
4444 7688
3366 7048
4418
2292
243
4331 9276
2184
1725 6268
2021
6266 7018
1756
5271 7600 9186
4973 6648 8926 9278
4947
1099
5087 7040
4314 8393
2904
355
5696 6941
1255
4573
5920
3709
256 6562
33 9170
5644 9657 9724
4734
3072
5440 6384
372 7399
3230 8117 8634
1779
33
5446
702 7237
5456
6077 9531
2720 8008 9513
1206 7266
827
2988
773 7196
5566
5448
5394
207
2141 8556
5853
1300 9999
5538
5995
4146 9961
5117 7898
4577 9588
1293 6944 8825
3189 7529
297 6700
1846 8376
2946 9183
125 8753
5116 6673 8834
75
202 7447 8099
582
64 6804
4125 9982
4606
3689 8354
4225
170
6060 8796
2002
4480
2855
2733 9152 9263
4728
1930 7156
2835 7103
1257 8130
4091
4309
4433
4727
3180
4203
5504
674
2120 9076 9901
1936 6949
2838 9059
2255
5766
5951
3422
4870
4113 7979
5420 7878
3506
4146 7606
1562
177
48
5112
4297
5514
4980
4071
986
5171
2596 8085
247 6993
4624
5090 8905
4612
6026
2637 7038 9024
4629
2111
1883
2224
777
1579 7033
4589
4900 8239
6288
3958
3676 6716 7750 8257
4762
81
2732
4811
5848
5201
3540
6175
1760
5842
5845
5006
6256 8198
2518
1307
385 7330
5690 7063 8718
2549 7451
1967
3934
3100 6474 6962
3090 8303
3302
3323
5118
5471 7489
2141
780
1976 9236
6065
1307
6219 8843
1323
1055
1437
5268
2785 7250
2869 6452
4098
1202
11
4361 7920 8449
4638
4002
4470 7289
2812
1253
446
4505 9754
1343
424 8497
5134 7892
5998 7381
2218
3942
2608
5665 7452
4568 6901
5918 6897
1861
5849
5825 8645
4138
5137 7170 9925
5713
6424 7572
1007 8230
3374
4459 7702
6056
3211
1242 6789
909
2771
3516
2469
3950
2886
3930
1223 7422
2640 9484
3084 8862
22 8417
1022 9986
3951
2807 9926
2908
6407
3500
2870 8875
2987
1326
2772 8145
3660 6972
1872
1183
5396 6514 7722
324
4458
5509 7125
4756
1998
1586
1987 6537
5646
1825
3575
3906
1682
3356
5743
4989 6841
4287
910 9554
4067
3886
3244 6745 7347
5057
4068
4168
2719
4000 6856
1727
3274
5344
240
5179
6483
5047 8045 8549
53 7113
5175
730 8152 8447 9569
1852
2846
3345 8119
1744 6899
3199
3491
5735 7435
702
3340
1673
4008 8492 8840
5502
3676
999
4802
4921
633
5735 7771
6490
520 7975
684 6785
2292
3127
2797 9073
4319
3678 8174 9336
3540
3137
1754
3601
648 6820 8525
3856
5350 7983
1541
6176 7849
370 8186 8431 8676 9897
5902
1695
131
362 7397 9029
3040
5360
6181
6283
4839
636
263
390 7255 8869 9318
1411
4301
5423
4366
6014
4450
3312
2685 8069
4991 6915
6047 7394
4431
3640
5424 6614 8903
1074
3697
978
710 7346
1296
2357
233 9624
5460
2039
5591 7059
3164
484
4105 8474
136
1200 6853
3923 6688
3596 6919 9017
805
3657
4774
2249 8771 9287
5257
1766 8292
606
1657
5392
5823 8752
322
1264 7183
6109 9913
5060 6857 7591
682
248 7131
124
6579
222
3762
2324
5649
1703 7676
2888
5848 6629 8594
2690
6043
1160
1848
5833
3383
3701 7930 8237 9148
6621 9549
6090
2336
415 8055
3765 9482
5911 8861
4887
3628
2951 7797
837 6812 6921
471
5130
600
2818
4246 6770
5424
5959 8764
2395 7660
1731
6271
2469
5889
1882 9162
5500 9311
4069
6077 7273
3094 7617 7734 9413
919
4044
562
3360
4727
3228
1956 9234
3131 7019
2122 7277
6143
3722
5850
2762
5318
6154
5255
242 6763
6320
3292
2866
3873
4953
4085 7494
2952
432
2742
1444
1138
417
1846
4065
3183
6595
5746
6211
3453
2045 8167
3229
6218
2278
4611 7812
4032
248
1428
6316 9404
4033
3750
6081 7126
4198
5992 7626
4025
6147
3216
4402 9314
2717
1594
402
3755
3835
3347
6386 6762
5074
4308
4020
5235
4611
5728 8226
3342 7497 8265
4588
2102
3198 7371 7700
4189
1063
6018 7557
2496
4647
1066 9856
3467 9832
2405
3592
4713
1374 8891
2700 9864
3731 7444
127
3883
5362 9956
1833 9465
3248
6503
1546
5738
5327
1417 9365
4727
2038
5237 7144
4396
2740 8544
682 8819
1582 9090
4452
3243
2849
4730
1324
6716
6672
2924 7280
5652
5020 7480
3952
776
1554 8493
6643
1654
4367
1162
2611 9559
3125
227
5056
5571
5421
704
3624
3363 8165
1913
4239
6539
68 8572
1996
3148
6458 7493 7971
5690
1320
3403 7101 9485
5192 9142
2177 7318
3460
3926
5095 8113
4201
1055
1429 9660
105
192 9053
2988
6324
2691
4987
4720 7817
1242 9450
3603 7189
2716
2373
6638 8938 9884
5839
6199
1800 7658
1916
4931 8053
3793
888 8446 9328
6549 9012
2152
5613
5521
5189
1104
1474 8654
5815
4168 7446
5172 6864
5420
310 7611
5980
337
1488
1377
3350
4748 7894
5390
727
4243 7013 7541
6498
5662
2562
2463
732
1714
3671
503
1026 7281
4800
4749
6171
6594
3343
4300
6508 7409
6610 7799 8089
5213 9906
559
4875
5709 7756 9036
5850
1125
6829 8650
6125
3222 8490
1829
5064
3241
2696
4348
5426 7331 7863
1016
1552 7010
5786 9545
5668
1795
4927
5715
3624
4785 7206
1734 7647 8310
3456
1633 6909 9860
897 7186 8125
2460
1566
5966
4590
2220
3839
962 9469
1433
925 8133
6042 8892
5610
6445
6140 9780
6522 7681
5497 8284 8591
6444
1360
6061
2751
2254 9706
1636 7193 9782
1517
1024
6884 7044
5702
3898 9836
5580 7007 9519
3443
4898 7562
6575 7111 9420
3948
3764
1327
6596
3991
6638
616 8088
2399
171
1771 9651
4860
4204
4495
501 8805
5405
2102
90 8726
2402
6035 7694
1204
4444
4053
1713 8050
4907 9828
2764 8339
6278
5660
1414
6314 7319
5306
3511
969
629
6348
5790 8104
4945
5902 7691
209
847
2211 9765
2801 8789
6169
1662 7236
5976 8947
1503 8298
4798 9421
6407
3415
2608
4054
6083
3433
2178
4409 7564 9112
1794 7204 7656
3535 9610
6480
1101
2098
2245
3791
4854
4094
1626 9058
244
3952
1193
4240 7948
4729
1230
4858 7555
2719
413
5486
2210 7121
5075
708
6370
4208
4516 8725
2162
1667
461 7501
5833
3975 7654
1108
2575 9730
5722
6187
5251
3495
6912 9966
5667 9909
704
6874 9655
3035
5581
6840 7207
141
4325
495 7474
1735 8977 9475 9873
6268
6663
4350
4429 7025
1050
2319
956 8337
7021
5195 7953
5625
2244
3877
565
2825
170
6381 7200
917
4410
2167
4025 9995
6375 7582
6044 9973
6274
3963
4831
3288 7055 7848
6909
4713
3245 8832
409
6260 7749
3049 8397
5362
6194
6029 7178
2440 7873
5317
7043
2159 9947
2725
1305 7612 8177
6589
2697
3834 8007
1022
6403
2344
3949
5623
1106
3632
2768
5218 8696
1202
5659
1331
2709
285 7098 8118
4944
3770
5553 9498
2366
1364
2556 9810
3924
3424 8290
205
2532
3171 8390
3517 7362
4318
5311
3943 8551
2181
210
1527
5601 8352
4522
1011
2711 7119
7075
5224
3791
6792
94
6337 8071 8958
4439
1965
2115
3706
4231
3189
1692
6915 9800
5858
6516 7972
206
3687
5144
4574
2407
7097 9930
1857
6990 9205
1776
2014 8746
6128 7627
6486 8366
6703
5458
1906 7701
2360
2475
6612 8682 9295
3573 9397 9688
4237 7644
3710
5294
5620
2099
3721
946
2971
2747 7185 7321
5500
2380 8557
6752
2813 9224
6229 7985
2299 9343
5618 7952
1340
2852 7537 9678
2782
5406
2182
1643 7340 8866
5275
6336
1986 8496
2947
4888
4839
4631
1087 9636
5073
2821
4785
3487
3288
4599
3928
6450
2379
5406
356
2398
484
3402
2568
7052
5793
86
4897 9271
2291
6608 8995
2097 9467
7141 8413
6885
6237 7549
1724
6809
4582
238 9816
1212
6906 9621
3776
4645
6301 8836
1269 8283
5474
5758
7033
4227
1462
163
6970 9169 9383 9672
3198
6881 8458
7013
2463 7238
5379
3708
4285 9081
2035
4375 9473
5680
229
3950
1972 9296
1759
204
2285 7246 7433
2226
4527
2465 8247
2477
3594
1913
354
1580
3073 8483
1753 7926
3042 7800
3742
1518
768
3163
6958
6294
7208 8742
4298
3719
3574
2691 8115
5551
3534
668
7220
3979
4139 8114
5436
6423
2111 8893
2012
2147
1372
6566
3811
3110
1595 7945
1627 8532
5370 9227 9563
3334
2768
4305
4666 7703 9833
5295
6298
5013
4640
1322
1281
5032
1409
6654 8668
97
4637
1897 9463
6664
365
1393 7767
6764
6849
5665
2858 7738
4932 9345
155 8758
5494
2589
3808
6431 9533
1697
2036
1009
4411
2593
730
387
5069 8945
5345
261 9125
3897 8684
3899
5902 9105
821
2603
71
5278
5958
5314
4917
4398
1499
6228
1234
4159
2121
4036
2153
6794
6944 9841
53 7464 7875
7141 8681
3759
4606 8183 9789
2282
4896 9327 9500
2281
2434
4566 7651
552
6402
6872
4931 8621
4437
3208
3674 8161 8400
3007
4653
4083
2632
7154 8332
6159 7933
3083
5492
3087
6209
6583
6503 7747
4216
2640 8473
4037 9066
598
4483
4143 7992
5156 7506
4908
3242 8225
3315
4671 8011
261
302 9623
1607 9230
7087
2735
5753
4529
3888
6253 8522
4703
2415
3024
6726
4663
948
4977
5481
5877
144
1391
2495
193
6439 8251
2117
5436 9324
3441 8427
2210
2923
2792
2555
1008 9366
3820 7726 8261
3670
301
5646 7597
6576
545
2431
6558 8486
5498 7551
6289
5766
3645
2409
3999
5168 7773
70 8326
6208
5039
2787
6856
2115 7578
1531
2580
4264 8608
1620
670
1361 9702
5564
1389 9239
4244
3395
1806 8432
6466
1006 8778 9824
851
1469 8631
3300
5433
2726
612 8409
394
573 8154
3508 8281 9071 9598 9671
7220
1979
6525
6074
5147 9057 9566
6144 8138
743
5776
2943
1519
4713
6739
4423
6828
6322 7732
5915
3820 7623 9453
599 7911
6404 9653
6443 8751
5383 7955
5842 8979
1702
1956
1362 8328
137
490 9759
1433
535
3935
2032 7544 9870
7320
2709 7973 9567 9851
695
6169
5199
1230
4879
1719
5068
3531
7016
4727 8481
443
2011 9121
1299
2469
6766
2881
479
2627
344 7567
1025
3489 9470
1633
79
6412
6063
412 9965
1871
6789
6678
5512 7897
4078
6723
460
4926
428
6998
1017
4985
1850 8467
2260
7354 7787
5777
4031
4280
844
1315 7905 9755
5055
2512
4624
1058
3955 9255
4975
1820 9893
569 9126
85
998
634
1581 8173
4053
2100 9571
5590
2467
511
6315 9692
633 9662
257
5737
759 9882
5941
6115 8041
1279
7150
4962 8579 8649
2475
4432
6840
211 9337
3669
7463
121
5019
1418
5018
7187
1786
7398
1385
428
5702
6986
5855
6729 9022
3853 8653
6092
1612
3367
6914
144
6969
5744
3132
7484
1706
2086
1100
5038 8426
6452 8243
1471
5766
5971
3297
5332
7410
2850
4915 9281
722
7038
4623
2865
4910 8201
4145
3475
3390
1525
5712
6610
19 7934
1964
4989
430
2989
7393
3969
4495 7670 8737
6270 8794
1500
817
196
2571
3544
6358
2570 7881
4370
938 8980
6023
6831
7058
1089
1696
5156 8255
4582
6655
5875
4022
3553
1208 8678
3416 7632 7922
7449
3629
1799 8872
6705
7124
1561
5401 7762
2289
4250
7622 8146 9096 9714
5442
3639
6201
3380
2892
984
3169 9742
1699
2275
5918
6077 7729
7133
3465
958 7852 8450
6882
1658
3243
208
7328
460 9818
1342 9098
7000
2186 9669
6970
201
6815
1399
6646
3264 8139
5766
2893
3237
3315
5903 8020
3363
3968
4072 8267
7599
3857
532
3011
215
3225
6619
301 8513
5718 7780
1826 9373
848
6899 9932
1348
1367
2005
3770
4693 8865
870
6259 8959
927
5558
6952
465
129
6934
384 8384
3572
4648
1007
86 8999
6726
7128 9568
6455
7264
3568 8017
2789
5034
1338
4086
2054
1319
86
2777
3849 9967
3076
751
2286 8067
5215
5122
6216 8184
5492
4013
6483 7960
2973
4456
3346
7390
5799
3705 8785 9949
7643
5232
2812
7447
3792
6655
4476
89
820 8293
7283
5764
4118
5037
5445
104
3155
5754
3149
7347
3199
7048
6386
41 8407
3565
3502 8590
3619
5289 9576
6861
5529
4118
3230 7963
3704 8231
432
7629 8643
1800
45
537
1774
7279
4858 9652
4698
771
6536
3947
7404
3255
4483 9322
4141
4229
3616
2363 9515
7678
4234
2614
4967 9023
1212
4726
3926 9376
7506
5923
93 9359
3022
5223
1337
2758
1066
1996 8512
2369
6637 8029 8163 9108
4798
6857
7231
2985 8519
1945 8574
1 7883
1180
5904
3912
4049 8831
1785 8072
5718
1967
2774
6696
3040
5882
1078 8812
2062
6807
4238
632
1790
944
909 9180
4510
341
3718
3602 8881
5522
2846
1655
3973 9445
4786 8835
5685
3962
1517
5528
2567
852 8162
47
5116 8683
3026
1176
4456 7884
120
3498
573
5568 9270
2202
7043
6553
201
1433 8356 9240
7646
3555 8660
5021
2412
3578
1432
1741
2586
2246
3157
478
6872
4107
314
2581
1241
2604
90
349
1825
876
7053
1093
7320
2299
1585
6356
3253
5200
7607
1734
7803
7842
5650
579
3342
1689
3664
2709
5309
6438
6000
6837
2401
136
7495 9883
6312
5098
5526
145
4646
696 9950
3586
7511
334
2205 7941
2073
1777
5223
7450
555
6000 8306
3862
4096 8604
1645
583
3335 7938
2763
6428
1172
7622
3155
5542
5815
7230
5036
1090
1765
6628 8518 9159
774
4808
7341
7592
2807
4679
302
7918
4611
4288
7907
298 8534
1657
2563
7258
6175
6131
6983
5141
5000
2147
7148
7026
1900
7453
2028
5153
2789
1073 9748
7722
161
1918
7759 8647
681
4406
2630
697
3909
135 8260
3846
6789
7113
7465
1874
6538
4166
5465
2626
6355
6048 8777
4594 8516
2812
6551
5965 9464
7146 8769 9736
3210
110
496
1380
1451
4834
7353
5280
266
6007
54
1248
4112
6254
3956
1523
6120 8810
1358 9101
5
1526
5962
7061
6297
1884
4647 9719
7358 8273
5814 9099 9225
1833
656
3589 9716
1011
7704
4766
5265
7666
2702
695
3524 8081
4570
5717
1438
1592
122
7797
1735
4255
3367
4187
4240
5922
2895
2836
2097
347 9524
868
7535 9960
6065
5152 8462
4012
6515 9694
2190
2625
5755
3398
6938
451 8988 9964
983
6817
4736 8780
6632
2189
3983 8102
4684
270
2370
4504
3253
2784
113
5231
4702
7716 9547
3380
6574
6030
7103
7808
2631
2205
4361
303
2695
4655
989 9439
3593
8023
2098
1724
69 8540
6369
3612
5034 8886
6922
6857
4577
2941 8124 8992
4857
2851
553
2743
5555
4109
2592
6322
4460
5718
8057
1236
6950
2273
4110
5854
2864
4897
642 8185
5125
4209
6797
7248
7242 9411
4364
6290
7075
6521
6056
4958
5766 9696
1352
8091
6885 8644
1567
111
5665
2995
6338
5061
3172
6894
3940
2330 8630 8651
4339
4867 8748
7438
7661
3824
727
5405
2278
240
6479
7632 8931
4653
4947
786
1421
89
6518 8372
4242
7431
3437
3473
4192
3975 9138
4954
2708
7335 8888
7837
7797 9122
2974 8762
6782
3037 9375
6692
12 9323
960
118
4863 9266
4015
7523
6544
3394
150
7058
1889
4639
6169
5063 8756
2264
7323
7719 9939
8110
6554
1714
6026 9048
4663
3237
1249
153 8363
5350
1385
5353
2523
1574
6399
278
3268
7585 9025
1495
3388
3442
5946
3558
1584
65 8211
2896
4104
8208
5552
573
5161
2102
975
4262
2765 8494 9685
2801
2306 8695
4560
4391
4176
2390 8940
7356
6722
5277
4498
1965 9618
6453
7760
1752
82
3646
1650
4195
6628
2864
6383
5596
1230
4452
7572
4756
2154
750
7223
1501
95
3031
7381
1149 9163
5137
1384
7615
3033
6386
1086
5617
7969
7390
1941
2361
1122
6723
445
7669
1481
4966
1622
2643
702 8679
8011
789
2472
4408
3679
3895
5098
6170
7432
287
7197
6900
2460
5224
1138
4786 9083
3728
7083 8370
2278
6602
7737 9187
1565
4535
4428
5100
6960 9106
3072 9267
6019
3370
3874
6408 9194
2486 8786
1729
7913
657
2606 8459
3473 9145
6882
3261
188
2511
2668
3010
5616
2415
2578
4383
3944
5756
1503
1055
2924 8699
3435
7405
1392
7457
792
939
6184
7340
5364 8791
6057
2656
4248 9204 9244
7024 9172
5588 9746
6940
3059
3462
1264
1077 9803
5535
294
345
441
2418
5518
4023
5297 9659
7094
2325
6327
4641
7851 9241
3853
3075 8818 9877
3939
2299
2852
5207 9426
8192 9425
2654
5334 9874
7125
1596
2683 9512
4258
8290
3772
8152
5200
1107
5949
6317
1809
6256 9133
685
6179
4005
1009
2669
7695
5810
4496
2333
882 8611
3902
7086
1066
1889
6275
2710
5728
1564
7049
675
2008
7335
1337
492
2042
2196
1497 8704
6027
7751
1347 8627
7429
2727
3568
4406
7185 8885
4829
4355
4101
6469
3863
2109 9431
4117
3130
5619
4203
111
5997 8680
7571
7384
5470
3896
5011
6554
7421
5028
1036
1707
4913 8767
753
4502
4033
2512
6009 9104
2427
4591 9447
5546 9822
4030
6819 9031
6518
1188
6428
7646
3131
721
2290 8934
2248
1828
2576
669
7206
8308
5002 8501
1707
8043
3813
58
2068
173
7504 9933
3585
2511
5012 9446 9581
5135
6137
7349
6592
6235
2211
4551
2485
4589
3078
7475
3
7229
1779
375
7397
4114
3798
3939
6866 8619 8877 9201
5409
6529
6769
8218
4136
7157
6437
6024
1337
3773
8460
4725
1305
3485
1085
5501
2741 9458
4052
5701
2040
853
7795 8782
7677
4877
881
7981
3390 8672
7930
7801
4129
348
7367 9177
2061
4480 9077
6549
1038
3534
421
5099
1014
5625
7259
296
7942
5061
3125
5879
47
4219
8084
4564
2235
1903
6754 9190
2021
2429
6229
4116
6515
6187
7090
34
526
2994
2299
6306
7143 9117
1806
230
5148
4946 8616
5142
588
3785
162
3980 9466
5816
3090
4024 9114
2511
4237
6786
2242
7802
127
4461 9310
3473
1901 9222 9402 9555
7538
5940
5998
4871 9218
2171
3974
3953
2133
2748
1383
2492
7753
6900 9794
3614
4999
6621
3933
795
4584
4183
3253
739
4113
4503
3688
7915
3887
929
1835
7413
4008
4752
8388
4251
2460 9732
2156 9220
5622
8561
5023
3566
8490 9161 9787
4612 9681
7332
3441 9181
3953
6130
3326
97
8408 9522
949
1290
8135
7425
3521
6234
6290
5726 9587
4970
3349
2084
600
906
178 8692
1622
7762
8125
6448
3690
7963
5461
7538
6864
8135
4514
7558
6826
1796
4879
4757
4291
2721
7853
3685
1662
2408
741 9268
2963
3671 8797
3983
7273 9504
4392
5224
859
8517
2320
2820 9080
4095
6554
5135
7621
8272
8425 8864
7321
7131
7839 9474
7300
3868
6001
4538
5420
4158
6177
1790
8641
5198
5152
8220
7070
700
6011
8324
3471
3847
5486
5950
8405
126
1319
4559
2732
4259
3587
3041
927 9486
6211
3465
5312 9154
3583
4763
6403 8990
5936
2908
1031
2247
3512
1882
6995
6932
1002
1599
4580 9116
3018
5128 9364
2699 9517
560
6167
3056
793 9347
7599
3192 8927
4729
1125
119
7238
1335
5980 9557
691
7123
4336
8137
4381
2413
7452
6606
6319
1443
3092
8181
2975 8788
7285
5226
567
3488
8164
2051
6645
6065
647
8436
5096
7985
4021
6600
4198 9405
1945
5188
243
561
7980
7423
3032
8054
2817
8512
1226
5288
7728
8304 9977
3403
8757
6956
5704
8333
1273
4824
7600
2278
6330
8666
4973
1446
3425
2585
2903
2396
4762 9075
6929
4263
725
4675
406
8002
3718
7815
1950
4130
1024
4350 9291
848
8358
6755
1138
3772
3663
3237
4344
6314
1468
4118
4831
4134
3321
7807
7046
4848 9664
6320
7831
7196
4818
2211
2801
6529
2041
2222
6418
575 9189
2573
3341
3619
4988
2609
2943
6183
4472
238
730
6215
2168 9996
5850
5570
1278
199
6634
6468
1984
8680
7686
7154 9150
5523
2036
6566
592
4117
7625
1540
941
6476
4813 9427
8490
2305
1067 9119
3144
7826
2018
3944
3834
8413
8087
4682
8161 9130
363
3393
6737
6895
7251
5281
2616
261
1710
5269
2594
2409 9308
2116
4846
6579
3664
6372
4295
5984 9862
967
1838 9304
4964
3365
4788
5295
5305
922 9147
331
4235
1498
3179
4925
5815
4547
2690
1136
2313
6271
8738
5637
4770
6230
8146
1283
903
8453
5172
2902
32
6812
5530
8224
5926 8961
2307
2327
5053
7297
3660
6959
4772
714
3441
1834
1113
1261
1709
5788
2012
4372
7103
7688
1564
8941
2366
74
5995
3404
4724
1035
3443
1448
5276
1261 9553
4199
2253
5500
5172
2590
7017
4785
7454
7609
599
5258
894
4895
2199 9102
2468
5014
8051
1569
8718 9556
4300
8091
5370 9374
2459
7183
1675
5212
2479
7699
923
3369
2881
3875
5535
1825 9030
2147 9713
1823
1330
3478
2464
3185
6820
2538
1733
5781
2045
6596
2687
3864 9766
2106
3275
7557
7783 9777
6375
8201
392
1130
5179
6558 9550
9005
8446
75
5801
1512
3726
6861
3277
4201
2837
644
3090
2965
481
2468
1906
3093 9135
3198
8188
5225
3165
4883
3881
6802
5298
2791
4579
7437
6979
6349
1162
2604
4030 9430
6230
6147
3386
7350
82
4234
5016
1918
7432
5607
6542
5638 9703
8804
6347
8524
5315
5975
8674
7211
5043
8288
4536
5025
4159 9739
3668
3687
3875
6756
1805 9753
3829
1904
3269
3978
7632
692
7653
8012
2983 9890
8003
8985
2693
8441 9645
7302 9207
8298
4323
7797
1316 9478 9578
4457
5764
6969
1382
8569
3813
8729 9637
8557
2383
8879
1453
7477
8163
2159
652
7299
7519
1998
2067
3313
8888
4402 9355
189
8378
4313
9046
583
3225
8158
1620
5164
3563
6793
2568
3705
8309
2433
8915
6628
238
8866
6119
6334
2409 9869
8715
5563
5093
4985
285
7930
3535
8619
6651
8252 9319
6205
1631
2861
2890
859
7204
6284
5378
8337
5397
1980
4976
4352
8522
892
4603
7822
8622
5387
6318
2947 9483
3415
6270
8293
5096
8844
8544 9712
254
5628
1347
8303
3232
1371
2489
5413
4258
1664 9349
8490
699
3804
8336
7121
3312
9105
4541
4114
3844
4037
553
2371
1296 9252
3247
1273
4022
8582
3101 9231
8614
2106 9627
8578
162
7145
8012
1318 9599
7260
2024
5405
7361
9219 9254
5112
1743
6662
3435
6415
3146
775 9907
7418
7851
8356
6251
5785
8336
1265
5156
2947
4470
1006
3677
5088
9214
5545
9231
7516
5882
2910
1815 9617
5986
462
1478
5620
6334
4361
590
8171
8299
8664
4224
7846
7181
3549
2080
4038
6092
6264
3419
6271 9403
3598
3495
7580
5693
3244
2450
2198
2930
6600
1818
3770
2108
8816
1645
234
2857
7131
7217
3049
3296
6076
551
4030
2086 9910
826 9994
8909
470
1527
5058
8900
3303
8576
6652
2286
979
6709
295
3018
3869
6566
9163
107
774
7775 9937
8168
7383
4872
5451
7325
6819
3198
6094
4202
382
2848
635
5427
6544
7542
4836 9399
3701
4083
368
2061
7147
1653
7284
5257
8736
20
9200
1952
3522
4334
1085
2217
9131
5097
1983 9491
1209 9630
7789
766
1020
5304
1756
8731
6749
7389
925
4227
4810
1493
6220
4225
7679
8993
8166 9830
7786
2933
3713
4151 9407
5487
4766
3697
7204
3637
618
5886
5616
4188
3402
4492
2756
1162
5535
5960
3543
4089
7132
5741
9338
5050
4929
8578
9278
6700
8772
3082
9379
4551
5184
5801
8115
168
6655
2148
987 9944
593
4667
763
3327
6915
6961
252
5901
5225
8363
8362
8876
25
948
9062
8419
5782
5618
1130
4708
446
4576
4001
8079
1005
1795
1299
3592
5958
7830
8470
8443
1704
268
6808
5098
1125
7449
5381
898 9785
3081
6224
8507
1996
5259
6241
2960
7276
7984
6743
8566
7184
4228
6892
7486
475
62
7213
8683 9827
7017
4474
834
9109
4158
1884 9511
2739 9506
6633
9184
6467
6792
8712
5288
5272
4985
5520
9357
4918 9934
2458 9951
2606
1713
3737
3417
7078
3541
7325
2850
5516
783
8668
871
9481
4164
3943
2880
2753
9480
8368
6297
3582
7779
5076
8732
1184
6912
1940
3869
8627
5639 9792
8039
1572
3770
5027
3138
1360
1990
6296
5744 9808
7289
216
4744
1025
4677
3195
2536
461
309
3161
4735
2981
6875
2028
8067
3095
6629
9029
5600
1568
8971
6500
8578
8990
8744
5705
6774
1054
2757
5711
7260
2630
4530
7437
7465
7701
6518
110
7525 9698
3421
3156
966
342
7755
4143
9109
418
403
8470
1329
855
1389
2023
1363
8635
6313
2278
4176
5269
1254
5747
50
27
2807
3658
7432
9226
4078
2084
5772
5561
5183
371
1088
2835
107
4989
6971 9968
1503
2759
2326
2457
1307
3864
9258
8229
3860
3744
7193
3943 9940
7360
6586
4515
5322
9221
1908
3376
9358
3113
3876
1023
1857
4975
7162
9116
6052
1805
5218
5405
3522
5427
146
9104
5223
3018
2413
181
1746
6925
7768
7451
3862
7010
4761
6285 9797
4271
8351
6800
6040
7530
2010
8833
5149
6179
2254
3019
7655
3132
7432
7204
599
2914
5098
787
5437
7150
3173
2679
8620
1465
4235
6233
8218
1066
980
7132
1729
2260 9817
4461
7529
5798
8045
297 9912
8122
486
9571
5569
2733
2369
7416
9074
4888
3095
6905
2462
1987
3941
3891
1854
9190
9006
7632
2514
8015
1145
4865
8010
4492
5051
2304
1889
6285 9760
3606 9795
4417
1557
2524
4649
7002
2625
8613
5589
1651
441
7985
2342
4541
9086
1663
4406
7639
3788
1716
2765
8338
3694
7959
5091
1719
6143
3550
9091
6435
7511
2116
5529
2534
7459
9724
5031
3135
4493
3374
6955
9019
502
3722
2689
2967
868
2608
4227
510
2019
420
9023
5064
2411
6898
5652
6906
158 9866
1807
9455
4423
8619
4262
7323
4096
5462
9523
5230
8591
9725
4131
9657
611
5008
7111
4819
6029
8343
3027 9969
3222
5901
2644
9532
5062
7081
407
4783
4868
2684
2076
7191
9690
7652
536
1377
3342
8444
3756
7423
2578
3464
9474
6939
3552
9375
700
6733
7264
5851
3377
6911
190
996
3441
540
7319
1114
4021
2038
3313
1461
5382
3974
4684
5091
7465
6001
6101
2709
2570
6732
273
5274
3046
6884
3779
8907
1218
6738
5839
9783
4990
5445
9153
7463
2912
4817
7017
8365
3291
1657
8358
2294
4250
271
4031
7533 9918
7897
6812
5421
15
1038
1785
4782
9100
5487
4984
7518
5229
3133
6066
6554
469
5171
5951
6347
3614
6245
1218
1164
6858
9238
4865
7008
9302
1316
9695
6609
5361
4456
4846
4693
9882
4496
1392
2145
3414
5573
4218
6450
6472
1955
2235
5941
7119
3593
7681
8467
9492
4244
1398
9322
3659
8184
9622
268
703
5612
9415
5128
5168
7056
230
7728
7903
9493
2241
581
4177
199
6742
4629
2676
5461
8041
6311
3940
827
8051
7491
7007
7713
9610
9804
1271
2305
3643
7039
453
766
4465
8786
2831
3780
2845
3879
6325
1874
3220
5952
6470
1545
2242
6144
2704
5943
2204
1896
9303
7037
8856
47
6087
6308
5309
